==174209== NVPROF is profiling process 174209, command: ./cuCOSMA
==174209== Profiling application: ./cuCOSMA
==174209== Profiling result:
"Start","Duration","Grid X","Grid Y","Grid Z","Block X","Block Y","Block Z","Registers Per Thread","Static SMem","Dynamic SMem","Size","Throughput","SrcMemType","DstMemType","Device","Context","Stream","Name","Correlation_ID"
s,ms,,,,,,,,KB,KB,B,MB/s,,,,,,,
13.235931,33.258789,21,3528,1,256,1,1,55,16.000000,0.000000,,,,,"Tesla V100-PCIE-32GB (0)","1","7","volta_sgemm_32x128_tt",17
13.269202,0.001920,,,,,,,,,,112,55.631001,"Pageable","Device","Tesla V100-PCIE-32GB (0)","1","7","[CUDA memcpy HtoD]",37
13.270060,0.020351,2048,1,1,384,1,1,16,0.000000,0.000000,,,,,"Tesla V100-PCIE-32GB (0)","1","7","void scal_kernel_val<double, double>(cublasScalParamsVal<double, double>)",151
13.270569,33.263845,21,3528,1,256,1,1,55,16.000000,0.000000,,,,,"Tesla V100-PCIE-32GB (0)","1","7","volta_sgemm_32x128_tt",182
13.303842,0.001472,,,,,,,,,,112,72.562176,"Pageable","Device","Tesla V100-PCIE-32GB (0)","1","7","[CUDA memcpy HtoD]",202
13.304594,0.020288,2048,1,1,384,1,1,16,0.000000,0.000000,,,,,"Tesla V100-PCIE-32GB (0)","1","7","void scal_kernel_val<double, double>(cublasScalParamsVal<double, double>)",316
13.305066,33.265924,21,3528,1,256,1,1,55,16.000000,0.000000,,,,,"Tesla V100-PCIE-32GB (0)","1","7","volta_sgemm_32x128_tt",347
13.338341,0.001504,,,,,,,,,,112,71.018300,"Pageable","Device","Tesla V100-PCIE-32GB (0)","1","7","[CUDA memcpy HtoD]",367
13.339871,0.019872,2048,1,1,384,1,1,16,0.000000,0.000000,,,,,"Tesla V100-PCIE-32GB (0)","1","7","void scal_kernel_val<double, double>(cublasScalParamsVal<double, double>)",481
13.340356,33.269285,21,3528,1,256,1,1,55,16.000000,0.000000,,,,,"Tesla V100-PCIE-32GB (0)","1","7","volta_sgemm_32x128_tt",512
13.373634,0.001504,,,,,,,,,,112,71.018300,"Pageable","Device","Tesla V100-PCIE-32GB (0)","1","7","[CUDA memcpy HtoD]",532
13.374293,0.019455,2048,1,1,384,1,1,16,0.000000,0.000000,,,,,"Tesla V100-PCIE-32GB (0)","1","7","void scal_kernel_val<double, double>(cublasScalParamsVal<double, double>)",646
13.374769,33.267077,21,3528,1,256,1,1,55,16.000000,0.000000,,,,,"Tesla V100-PCIE-32GB (0)","1","7","volta_sgemm_32x128_tt",677
13.408044,0.001472,,,,,,,,,,112,72.562176,"Pageable","Device","Tesla V100-PCIE-32GB (0)","1","7","[CUDA memcpy HtoD]",697
13.408700,0.020160,2048,1,1,384,1,1,16,0.000000,0.000000,,,,,"Tesla V100-PCIE-32GB (0)","1","7","void scal_kernel_val<double, double>(cublasScalParamsVal<double, double>)",811
13.409167,33.262821,21,3528,1,256,1,1,55,16.000000,0.000000,,,,,"Tesla V100-PCIE-32GB (0)","1","7","volta_sgemm_32x128_tt",842
13.442440,0.001472,,,,,,,,,,112,72.562176,"Pageable","Device","Tesla V100-PCIE-32GB (0)","1","7","[CUDA memcpy HtoD]",862
13.443092,0.019488,2048,1,1,384,1,1,16,0.000000,0.000000,,,,,"Tesla V100-PCIE-32GB (0)","1","7","void scal_kernel_val<double, double>(cublasScalParamsVal<double, double>)",976
13.443565,33.268293,21,3528,1,256,1,1,55,16.000000,0.000000,,,,,"Tesla V100-PCIE-32GB (0)","1","7","volta_sgemm_32x128_tt",1007
13.476842,0.001472,,,,,,,,,,112,72.562176,"Pageable","Device","Tesla V100-PCIE-32GB (0)","1","7","[CUDA memcpy HtoD]",1027
13.477502,0.019072,2048,1,1,384,1,1,16,0.000000,0.000000,,,,,"Tesla V100-PCIE-32GB (0)","1","7","void scal_kernel_val<double, double>(cublasScalParamsVal<double, double>)",1141
13.477971,33.266884,21,3528,1,256,1,1,55,16.000000,0.000000,,,,,"Tesla V100-PCIE-32GB (0)","1","7","volta_sgemm_32x128_tt",1172
13.511248,0.001440,,,,,,,,,,112,74.174668,"Pageable","Device","Tesla V100-PCIE-32GB (0)","1","7","[CUDA memcpy HtoD]",1192
13.511904,0.019136,2048,1,1,384,1,1,16,0.000000,0.000000,,,,,"Tesla V100-PCIE-32GB (0)","1","7","void scal_kernel_val<double, double>(cublasScalParamsVal<double, double>)",1306
13.512383,33.265380,21,3528,1,256,1,1,55,16.000000,0.000000,,,,,"Tesla V100-PCIE-32GB (0)","1","7","volta_sgemm_32x128_tt",1337
13.545658,0.001472,,,,,,,,,,112,72.562176,"Pageable","Device","Tesla V100-PCIE-32GB (0)","1","7","[CUDA memcpy HtoD]",1357
13.546316,0.019648,2048,1,1,384,1,1,16,0.000000,0.000000,,,,,"Tesla V100-PCIE-32GB (0)","1","7","void scal_kernel_val<double, double>(cublasScalParamsVal<double, double>)",1471
13.546786,33.262821,21,3528,1,256,1,1,55,16.000000,0.000000,,,,,"Tesla V100-PCIE-32GB (0)","1","7","volta_sgemm_32x128_tt",1502
13.580058,0.001472,,,,,,,,,,112,72.562176,"Pageable","Device","Tesla V100-PCIE-32GB (0)","1","7","[CUDA memcpy HtoD]",1522
13.580723,0.019456,2048,1,1,384,1,1,16,0.000000,0.000000,,,,,"Tesla V100-PCIE-32GB (0)","1","7","void scal_kernel_val<double, double>(cublasScalParamsVal<double, double>)",1636
13.581200,33.260069,21,3528,1,256,1,1,55,16.000000,0.000000,,,,,"Tesla V100-PCIE-32GB (0)","1","7","volta_sgemm_32x128_tt",1667
13.614469,0.001472,,,,,,,,,,112,72.562176,"Pageable","Device","Tesla V100-PCIE-32GB (0)","1","7","[CUDA memcpy HtoD]",1687
13.615130,0.019615,2048,1,1,384,1,1,16,0.000000,0.000000,,,,,"Tesla V100-PCIE-32GB (0)","1","7","void scal_kernel_val<double, double>(cublasScalParamsVal<double, double>)",1801
13.615614,33.262629,21,3528,1,256,1,1,55,16.000000,0.000000,,,,,"Tesla V100-PCIE-32GB (0)","1","7","volta_sgemm_32x128_tt",1832
13.648886,0.001504,,,,,,,,,,112,71.018300,"Pageable","Device","Tesla V100-PCIE-32GB (0)","1","7","[CUDA memcpy HtoD]",1852
13.649549,0.019744,2048,1,1,384,1,1,16,0.000000,0.000000,,,,,"Tesla V100-PCIE-32GB (0)","1","7","void scal_kernel_val<double, double>(cublasScalParamsVal<double, double>)",1966
13.650006,33.260037,21,3528,1,256,1,1,55,16.000000,0.000000,,,,,"Tesla V100-PCIE-32GB (0)","1","7","volta_sgemm_32x128_tt",1997
13.683275,0.001472,,,,,,,,,,112,72.562176,"Pageable","Device","Tesla V100-PCIE-32GB (0)","1","7","[CUDA memcpy HtoD]",2017
13.683925,0.019232,2048,1,1,384,1,1,16,0.000000,0.000000,,,,,"Tesla V100-PCIE-32GB (0)","1","7","void scal_kernel_val<double, double>(cublasScalParamsVal<double, double>)",2131
13.684397,33.266181,21,3528,1,256,1,1,55,16.000000,0.000000,,,,,"Tesla V100-PCIE-32GB (0)","1","7","volta_sgemm_32x128_tt",2162
13.717673,0.001472,,,,,,,,,,112,72.562176,"Pageable","Device","Tesla V100-PCIE-32GB (0)","1","7","[CUDA memcpy HtoD]",2182
13.718329,0.019744,2048,1,1,384,1,1,16,0.000000,0.000000,,,,,"Tesla V100-PCIE-32GB (0)","1","7","void scal_kernel_val<double, double>(cublasScalParamsVal<double, double>)",2296
13.718803,33.264549,21,3528,1,256,1,1,55,16.000000,0.000000,,,,,"Tesla V100-PCIE-32GB (0)","1","7","volta_sgemm_32x128_tt",2327
13.752077,0.001728,,,,,,,,,,112,61.812223,"Pageable","Device","Tesla V100-PCIE-32GB (0)","1","7","[CUDA memcpy HtoD]",2347
13.752740,0.019744,2048,1,1,384,1,1,16,0.000000,0.000000,,,,,"Tesla V100-PCIE-32GB (0)","1","7","void scal_kernel_val<double, double>(cublasScalParamsVal<double, double>)",2461
13.753218,33.264612,21,3528,1,256,1,1,55,16.000000,0.000000,,,,,"Tesla V100-PCIE-32GB (0)","1","7","volta_sgemm_32x128_tt",2492
13.786492,0.001504,,,,,,,,,,112,71.018300,"Pageable","Device","Tesla V100-PCIE-32GB (0)","1","7","[CUDA memcpy HtoD]",2512
13.787145,0.019488,2048,1,1,384,1,1,16,0.000000,0.000000,,,,,"Tesla V100-PCIE-32GB (0)","1","7","void scal_kernel_val<double, double>(cublasScalParamsVal<double, double>)",2626
13.787620,33.277860,21,3528,1,256,1,1,55,16.000000,0.000000,,,,,"Tesla V100-PCIE-32GB (0)","1","7","volta_sgemm_32x128_tt",2657
13.820907,0.001472,,,,,,,,,,112,72.562176,"Pageable","Device","Tesla V100-PCIE-32GB (0)","1","7","[CUDA memcpy HtoD]",2677
13.821596,0.019776,2048,1,1,384,1,1,16,0.000000,0.000000,,,,,"Tesla V100-PCIE-32GB (0)","1","7","void scal_kernel_val<double, double>(cublasScalParamsVal<double, double>)",2791
13.822075,33.262053,21,3528,1,256,1,1,55,16.000000,0.000000,,,,,"Tesla V100-PCIE-32GB (0)","1","7","volta_sgemm_32x128_tt",2822
13.855347,0.001472,,,,,,,,,,112,72.562176,"Pageable","Device","Tesla V100-PCIE-32GB (0)","1","7","[CUDA memcpy HtoD]",2842
13.855980,0.019872,2048,1,1,384,1,1,16,0.000000,0.000000,,,,,"Tesla V100-PCIE-32GB (0)","1","7","void scal_kernel_val<double, double>(cublasScalParamsVal<double, double>)",2956
13.856473,33.261221,21,3528,1,256,1,1,55,16.000000,0.000000,,,,,"Tesla V100-PCIE-32GB (0)","1","7","volta_sgemm_32x128_tt",2987
13.889743,0.001504,,,,,,,,,,112,71.018300,"Pageable","Device","Tesla V100-PCIE-32GB (0)","1","7","[CUDA memcpy HtoD]",3007
13.890398,0.019872,2048,1,1,384,1,1,16,0.000000,0.000000,,,,,"Tesla V100-PCIE-32GB (0)","1","7","void scal_kernel_val<double, double>(cublasScalParamsVal<double, double>)",3121
13.890866,33.260677,21,3528,1,256,1,1,55,16.000000,0.000000,,,,,"Tesla V100-PCIE-32GB (0)","1","7","volta_sgemm_32x128_tt",3152
13.924136,0.001472,,,,,,,,,,112,72.562176,"Pageable","Device","Tesla V100-PCIE-32GB (0)","1","7","[CUDA memcpy HtoD]",3172
13.924819,0.019008,2048,1,1,384,1,1,16,0.000000,0.000000,,,,,"Tesla V100-PCIE-32GB (0)","1","7","void scal_kernel_val<double, double>(cublasScalParamsVal<double, double>)",3286
13.925292,33.260133,21,3528,1,256,1,1,55,16.000000,0.000000,,,,,"Tesla V100-PCIE-32GB (0)","1","7","volta_sgemm_32x128_tt",3317
13.958561,0.001472,,,,,,,,,,112,72.562176,"Pageable","Device","Tesla V100-PCIE-32GB (0)","1","7","[CUDA memcpy HtoD]",3337
13.959221,0.024608,2048,1,1,384,1,1,16,0.000000,0.000000,,,,,"Tesla V100-PCIE-32GB (0)","1","7","void scal_kernel_val<double, double>(cublasScalParamsVal<double, double>)",3451
13.959705,33.267301,21,3528,1,256,1,1,55,16.000000,0.000000,,,,,"Tesla V100-PCIE-32GB (0)","1","7","volta_sgemm_32x128_tt",3482
13.992982,0.001600,,,,,,,,,,112,66.757202,"Pageable","Device","Tesla V100-PCIE-32GB (0)","1","7","[CUDA memcpy HtoD]",3502
13.993645,0.019647,2048,1,1,384,1,1,16,0.000000,0.000000,,,,,"Tesla V100-PCIE-32GB (0)","1","7","void scal_kernel_val<double, double>(cublasScalParamsVal<double, double>)",3616
13.994126,33.264837,21,3528,1,256,1,1,55,16.000000,0.000000,,,,,"Tesla V100-PCIE-32GB (0)","1","7","volta_sgemm_32x128_tt",3647
14.027401,0.001472,,,,,,,,,,112,72.562176,"Pageable","Device","Tesla V100-PCIE-32GB (0)","1","7","[CUDA memcpy HtoD]",3667
14.028051,0.019552,2048,1,1,384,1,1,16,0.000000,0.000000,,,,,"Tesla V100-PCIE-32GB (0)","1","7","void scal_kernel_val<double, double>(cublasScalParamsVal<double, double>)",3781
14.028525,33.264549,21,3528,1,256,1,1,55,16.000000,0.000000,,,,,"Tesla V100-PCIE-32GB (0)","1","7","volta_sgemm_32x128_tt",3812
14.061799,0.001472,,,,,,,,,,112,72.562176,"Pageable","Device","Tesla V100-PCIE-32GB (0)","1","7","[CUDA memcpy HtoD]",3832
14.062461,0.019168,2048,1,1,384,1,1,16,0.000000,0.000000,,,,,"Tesla V100-PCIE-32GB (0)","1","7","void scal_kernel_val<double, double>(cublasScalParamsVal<double, double>)",3946
14.062944,33.260004,21,3528,1,256,1,1,55,16.000000,0.000000,,,,,"Tesla V100-PCIE-32GB (0)","1","7","volta_sgemm_32x128_tt",3977
14.096215,0.001504,,,,,,,,,,112,71.018300,"Pageable","Device","Tesla V100-PCIE-32GB (0)","1","7","[CUDA memcpy HtoD]",3997
14.096893,0.019360,2048,1,1,384,1,1,16,0.000000,0.000000,,,,,"Tesla V100-PCIE-32GB (0)","1","7","void scal_kernel_val<double, double>(cublasScalParamsVal<double, double>)",4111
14.097380,33.259813,21,3528,1,256,1,1,55,16.000000,0.000000,,,,,"Tesla V100-PCIE-32GB (0)","1","7","volta_sgemm_32x128_tt",4142
14.130648,0.001504,,,,,,,,,,112,71.018300,"Pageable","Device","Tesla V100-PCIE-32GB (0)","1","7","[CUDA memcpy HtoD]",4162
14.131304,0.019743,2048,1,1,384,1,1,16,0.000000,0.000000,,,,,"Tesla V100-PCIE-32GB (0)","1","7","void scal_kernel_val<double, double>(cublasScalParamsVal<double, double>)",4276
14.131774,33.266181,21,3528,1,256,1,1,55,16.000000,0.000000,,,,,"Tesla V100-PCIE-32GB (0)","1","7","volta_sgemm_32x128_tt",4307
14.165050,0.001504,,,,,,,,,,112,71.018300,"Pageable","Device","Tesla V100-PCIE-32GB (0)","1","7","[CUDA memcpy HtoD]",4327
14.165708,0.019520,2048,1,1,384,1,1,16,0.000000,0.000000,,,,,"Tesla V100-PCIE-32GB (0)","1","7","void scal_kernel_val<double, double>(cublasScalParamsVal<double, double>)",4441
14.166177,33.259269,21,3528,1,256,1,1,55,16.000000,0.000000,,,,,"Tesla V100-PCIE-32GB (0)","1","7","volta_sgemm_32x128_tt",4472
14.199445,0.001504,,,,,,,,,,112,71.018300,"Pageable","Device","Tesla V100-PCIE-32GB (0)","1","7","[CUDA memcpy HtoD]",4492
14.207969,0.019968,2048,1,1,384,1,1,16,0.000000,0.000000,,,,,"Tesla V100-PCIE-32GB (0)","1","7","void scal_kernel_val<double, double>(cublasScalParamsVal<double, double>)",4606
14.208618,33.408771,21,3528,1,256,1,1,55,16.000000,0.000000,,,,,"Tesla V100-PCIE-32GB (0)","1","7","volta_sgemm_32x128_tt",4637
14.242037,0.001504,,,,,,,,,,112,71.018300,"Pageable","Device","Tesla V100-PCIE-32GB (0)","1","7","[CUDA memcpy HtoD]",4657
14.242907,0.019359,2048,1,1,384,1,1,16,0.000000,0.000000,,,,,"Tesla V100-PCIE-32GB (0)","1","7","void scal_kernel_val<double, double>(cublasScalParamsVal<double, double>)",4771
14.243399,33.395139,21,3528,1,256,1,1,55,16.000000,0.000000,,,,,"Tesla V100-PCIE-32GB (0)","1","7","volta_sgemm_32x128_tt",4802
14.276804,0.001472,,,,,,,,,,112,72.562176,"Pageable","Device","Tesla V100-PCIE-32GB (0)","1","7","[CUDA memcpy HtoD]",4822
14.277465,0.019360,2048,1,1,384,1,1,16,0.000000,0.000000,,,,,"Tesla V100-PCIE-32GB (0)","1","7","void scal_kernel_val<double, double>(cublasScalParamsVal<double, double>)",4936
14.277922,33.381635,21,3528,1,256,1,1,55,16.000000,0.000000,,,,,"Tesla V100-PCIE-32GB (0)","1","7","volta_sgemm_32x128_tt",4967
14.311313,0.001472,,,,,,,,,,112,72.562176,"Pageable","Device","Tesla V100-PCIE-32GB (0)","1","7","[CUDA memcpy HtoD]",4987
14.311963,0.019200,2048,1,1,384,1,1,16,0.000000,0.000000,,,,,"Tesla V100-PCIE-32GB (0)","1","7","void scal_kernel_val<double, double>(cublasScalParamsVal<double, double>)",5101
14.312439,33.290020,21,3528,1,256,1,1,55,16.000000,0.000000,,,,,"Tesla V100-PCIE-32GB (0)","1","7","volta_sgemm_32x128_tt",5132
14.345738,0.001472,,,,,,,,,,112,72.562176,"Pageable","Device","Tesla V100-PCIE-32GB (0)","1","7","[CUDA memcpy HtoD]",5152
14.347521,0.019648,2048,1,1,384,1,1,16,0.000000,0.000000,,,,,"Tesla V100-PCIE-32GB (0)","1","7","void scal_kernel_val<double, double>(cublasScalParamsVal<double, double>)",5266
14.347990,33.262404,21,3528,1,256,1,1,55,16.000000,0.000000,,,,,"Tesla V100-PCIE-32GB (0)","1","7","volta_sgemm_32x128_tt",5297
14.381261,0.001536,,,,,,,,,,112,69.538752,"Pageable","Device","Tesla V100-PCIE-32GB (0)","1","7","[CUDA memcpy HtoD]",5317
14.381901,0.019488,2048,1,1,384,1,1,16,0.000000,0.000000,,,,,"Tesla V100-PCIE-32GB (0)","1","7","void scal_kernel_val<double, double>(cublasScalParamsVal<double, double>)",5431
14.382401,33.264997,21,3528,1,256,1,1,55,16.000000,0.000000,,,,,"Tesla V100-PCIE-32GB (0)","1","7","volta_sgemm_32x128_tt",5462
14.415675,0.001504,,,,,,,,,,112,71.018300,"Pageable","Device","Tesla V100-PCIE-32GB (0)","1","7","[CUDA memcpy HtoD]",5482
14.416331,0.020256,2048,1,1,384,1,1,16,0.000000,0.000000,,,,,"Tesla V100-PCIE-32GB (0)","1","7","void scal_kernel_val<double, double>(cublasScalParamsVal<double, double>)",5596
14.416798,33.267269,21,3528,1,256,1,1,55,16.000000,0.000000,,,,,"Tesla V100-PCIE-32GB (0)","1","7","volta_sgemm_32x128_tt",5627
14.450075,0.001472,,,,,,,,,,112,72.562176,"Pageable","Device","Tesla V100-PCIE-32GB (0)","1","7","[CUDA memcpy HtoD]",5647
14.450735,0.019455,2048,1,1,384,1,1,16,0.000000,0.000000,,,,,"Tesla V100-PCIE-32GB (0)","1","7","void scal_kernel_val<double, double>(cublasScalParamsVal<double, double>)",5761
14.451201,33.264901,21,3528,1,256,1,1,55,16.000000,0.000000,,,,,"Tesla V100-PCIE-32GB (0)","1","7","volta_sgemm_32x128_tt",5792
14.484474,0.001504,,,,,,,,,,112,71.018300,"Pageable","Device","Tesla V100-PCIE-32GB (0)","1","7","[CUDA memcpy HtoD]",5812
14.485133,0.019231,2048,1,1,384,1,1,16,0.000000,0.000000,,,,,"Tesla V100-PCIE-32GB (0)","1","7","void scal_kernel_val<double, double>(cublasScalParamsVal<double, double>)",5926
14.485612,33.268677,21,3528,1,256,1,1,55,16.000000,0.000000,,,,,"Tesla V100-PCIE-32GB (0)","1","7","volta_sgemm_32x128_tt",5957
14.518889,0.001503,,,,,,,,,,112,71.065551,"Pageable","Device","Tesla V100-PCIE-32GB (0)","1","7","[CUDA memcpy HtoD]",5977
14.519703,0.019776,2048,1,1,384,1,1,16,0.000000,0.000000,,,,,"Tesla V100-PCIE-32GB (0)","1","7","void scal_kernel_val<double, double>(cublasScalParamsVal<double, double>)",6091
14.520443,33.269892,21,3528,1,256,1,1,55,16.000000,0.000000,,,,,"Tesla V100-PCIE-32GB (0)","1","7","volta_sgemm_32x128_tt",6122
14.553723,0.001472,,,,,,,,,,112,72.562176,"Pageable","Device","Tesla V100-PCIE-32GB (0)","1","7","[CUDA memcpy HtoD]",6142
14.554393,0.019744,2048,1,1,384,1,1,16,0.000000,0.000000,,,,,"Tesla V100-PCIE-32GB (0)","1","7","void scal_kernel_val<double, double>(cublasScalParamsVal<double, double>)",6256
14.554862,33.264644,21,3528,1,256,1,1,55,16.000000,0.000000,,,,,"Tesla V100-PCIE-32GB (0)","1","7","volta_sgemm_32x128_tt",6287
14.588137,0.001504,,,,,,,,,,112,71.018300,"Pageable","Device","Tesla V100-PCIE-32GB (0)","1","7","[CUDA memcpy HtoD]",6307
14.588794,0.019552,2048,1,1,384,1,1,16,0.000000,0.000000,,,,,"Tesla V100-PCIE-32GB (0)","1","7","void scal_kernel_val<double, double>(cublasScalParamsVal<double, double>)",6421
14.589268,33.380356,21,3528,1,256,1,1,55,16.000000,0.000000,,,,,"Tesla V100-PCIE-32GB (0)","1","7","volta_sgemm_32x128_tt",6452
14.622658,0.001472,,,,,,,,,,112,72.562176,"Pageable","Device","Tesla V100-PCIE-32GB (0)","1","7","[CUDA memcpy HtoD]",6472
14.623324,0.019647,2048,1,1,384,1,1,16,0.000000,0.000000,,,,,"Tesla V100-PCIE-32GB (0)","1","7","void scal_kernel_val<double, double>(cublasScalParamsVal<double, double>)",6586
14.623806,33.384036,21,3528,1,256,1,1,55,16.000000,0.000000,,,,,"Tesla V100-PCIE-32GB (0)","1","7","volta_sgemm_32x128_tt",6617
14.657200,0.001472,,,,,,,,,,112,72.562176,"Pageable","Device","Tesla V100-PCIE-32GB (0)","1","7","[CUDA memcpy HtoD]",6637
14.657859,0.019488,2048,1,1,384,1,1,16,0.000000,0.000000,,,,,"Tesla V100-PCIE-32GB (0)","1","7","void scal_kernel_val<double, double>(cublasScalParamsVal<double, double>)",6751
14.658335,33.387587,21,3528,1,256,1,1,55,16.000000,0.000000,,,,,"Tesla V100-PCIE-32GB (0)","1","7","volta_sgemm_32x128_tt",6782
14.691732,0.001504,,,,,,,,,,112,71.018300,"Pageable","Device","Tesla V100-PCIE-32GB (0)","1","7","[CUDA memcpy HtoD]",6802
14.692388,0.019424,2048,1,1,384,1,1,16,0.000000,0.000000,,,,,"Tesla V100-PCIE-32GB (0)","1","7","void scal_kernel_val<double, double>(cublasScalParamsVal<double, double>)",6916
14.692863,33.375876,21,3528,1,256,1,1,55,16.000000,0.000000,,,,,"Tesla V100-PCIE-32GB (0)","1","7","volta_sgemm_32x128_tt",6947
14.726247,0.001472,,,,,,,,,,112,72.562176,"Pageable","Device","Tesla V100-PCIE-32GB (0)","1","7","[CUDA memcpy HtoD]",6967
14.726901,0.019776,2048,1,1,384,1,1,16,0.000000,0.000000,,,,,"Tesla V100-PCIE-32GB (0)","1","7","void scal_kernel_val<double, double>(cublasScalParamsVal<double, double>)",7081
14.727382,33.273829,21,3528,1,256,1,1,55,16.000000,0.000000,,,,,"Tesla V100-PCIE-32GB (0)","1","7","volta_sgemm_32x128_tt",7112
14.760666,0.001472,,,,,,,,,,112,72.562176,"Pageable","Device","Tesla V100-PCIE-32GB (0)","1","7","[CUDA memcpy HtoD]",7132
14.761325,0.019776,2048,1,1,384,1,1,16,0.000000,0.000000,,,,,"Tesla V100-PCIE-32GB (0)","1","7","void scal_kernel_val<double, double>(cublasScalParamsVal<double, double>)",7246
14.761793,33.273861,21,3528,1,256,1,1,55,16.000000,0.000000,,,,,"Tesla V100-PCIE-32GB (0)","1","7","volta_sgemm_32x128_tt",7277
14.795077,0.001504,,,,,,,,,,112,71.018300,"Pageable","Device","Tesla V100-PCIE-32GB (0)","1","7","[CUDA memcpy HtoD]",7297
14.795734,0.019776,2048,1,1,384,1,1,16,0.000000,0.000000,,,,,"Tesla V100-PCIE-32GB (0)","1","7","void scal_kernel_val<double, double>(cublasScalParamsVal<double, double>)",7411
14.796203,33.258724,21,3528,1,256,1,1,55,16.000000,0.000000,,,,,"Tesla V100-PCIE-32GB (0)","1","7","volta_sgemm_32x128_tt",7442
14.829471,0.001472,,,,,,,,,,112,72.562176,"Pageable","Device","Tesla V100-PCIE-32GB (0)","1","7","[CUDA memcpy HtoD]",7462
14.830318,0.019872,2048,1,1,384,1,1,16,0.000000,0.000000,,,,,"Tesla V100-PCIE-32GB (0)","1","7","void scal_kernel_val<double, double>(cublasScalParamsVal<double, double>)",7576
14.839321,33.269829,21,3528,1,256,1,1,55,16.000000,0.000000,,,,,"Tesla V100-PCIE-32GB (0)","1","7","volta_sgemm_32x128_tt",7607
14.872600,0.001472,,,,,,,,,,112,72.562176,"Pageable","Device","Tesla V100-PCIE-32GB (0)","1","7","[CUDA memcpy HtoD]",7627
14.887265,0.019903,2048,1,1,384,1,1,16,0.000000,0.000000,,,,,"Tesla V100-PCIE-32GB (0)","1","7","void scal_kernel_val<double, double>(cublasScalParamsVal<double, double>)",7741
14.888970,33.269701,21,3528,1,256,1,1,55,16.000000,0.000000,,,,,"Tesla V100-PCIE-32GB (0)","1","7","volta_sgemm_32x128_tt",7772
14.922250,0.001472,,,,,,,,,,112,72.562176,"Pageable","Device","Tesla V100-PCIE-32GB (0)","1","7","[CUDA memcpy HtoD]",7792
14.923484,0.019648,2048,1,1,384,1,1,16,0.000000,0.000000,,,,,"Tesla V100-PCIE-32GB (0)","1","7","void scal_kernel_val<double, double>(cublasScalParamsVal<double, double>)",7906
14.924023,33.268901,21,3528,1,256,1,1,55,16.000000,0.000000,,,,,"Tesla V100-PCIE-32GB (0)","1","7","volta_sgemm_32x128_tt",7937
14.957301,0.001472,,,,,,,,,,112,72.562176,"Pageable","Device","Tesla V100-PCIE-32GB (0)","1","7","[CUDA memcpy HtoD]",7957
14.957959,0.019296,2048,1,1,384,1,1,16,0.000000,0.000000,,,,,"Tesla V100-PCIE-32GB (0)","1","7","void scal_kernel_val<double, double>(cublasScalParamsVal<double, double>)",8071
14.958439,33.275268,21,3528,1,256,1,1,55,16.000000,0.000000,,,,,"Tesla V100-PCIE-32GB (0)","1","7","volta_sgemm_32x128_tt",8102
14.991723,0.001472,,,,,,,,,,112,72.562176,"Pageable","Device","Tesla V100-PCIE-32GB (0)","1","7","[CUDA memcpy HtoD]",8122
14.992372,0.019712,2048,1,1,384,1,1,16,0.000000,0.000000,,,,,"Tesla V100-PCIE-32GB (0)","1","7","void scal_kernel_val<double, double>(cublasScalParamsVal<double, double>)",8236
14.992839,33.269380,21,3528,1,256,1,1,55,16.000000,0.000000,,,,,"Tesla V100-PCIE-32GB (0)","1","7","volta_sgemm_32x128_tt",8267
15.026119,0.001472,,,,,,,,,,112,72.562176,"Pageable","Device","Tesla V100-PCIE-32GB (0)","1","7","[CUDA memcpy HtoD]",8287
15.026802,0.019584,2048,1,1,384,1,1,16,0.000000,0.000000,,,,,"Tesla V100-PCIE-32GB (0)","1","7","void scal_kernel_val<double, double>(cublasScalParamsVal<double, double>)",8401
15.027294,33.267685,21,3528,1,256,1,1,55,16.000000,0.000000,,,,,"Tesla V100-PCIE-32GB (0)","1","7","volta_sgemm_32x128_tt",8432
15.060571,0.001504,,,,,,,,,,112,71.018300,"Pageable","Device","Tesla V100-PCIE-32GB (0)","1","7","[CUDA memcpy HtoD]",8452
15.061237,0.019424,2048,1,1,384,1,1,16,0.000000,0.000000,,,,,"Tesla V100-PCIE-32GB (0)","1","7","void scal_kernel_val<double, double>(cublasScalParamsVal<double, double>)",8566
15.061707,33.273573,21,3528,1,256,1,1,55,16.000000,0.000000,,,,,"Tesla V100-PCIE-32GB (0)","1","7","volta_sgemm_32x128_tt",8597
15.094989,0.001568,,,,,,,,,,112,68.119594,"Pageable","Device","Tesla V100-PCIE-32GB (0)","1","7","[CUDA memcpy HtoD]",8617
15.095653,0.019616,2048,1,1,384,1,1,16,0.000000,0.000000,,,,,"Tesla V100-PCIE-32GB (0)","1","7","void scal_kernel_val<double, double>(cublasScalParamsVal<double, double>)",8731
15.096127,33.274116,21,3528,1,256,1,1,55,16.000000,0.000000,,,,,"Tesla V100-PCIE-32GB (0)","1","7","volta_sgemm_32x128_tt",8762
15.129410,0.001472,,,,,,,,,,112,72.562176,"Pageable","Device","Tesla V100-PCIE-32GB (0)","1","7","[CUDA memcpy HtoD]",8782
15.130075,0.019328,2048,1,1,384,1,1,16,0.000000,0.000000,,,,,"Tesla V100-PCIE-32GB (0)","1","7","void scal_kernel_val<double, double>(cublasScalParamsVal<double, double>)",8896
15.130562,33.263621,21,3528,1,256,1,1,55,16.000000,0.000000,,,,,"Tesla V100-PCIE-32GB (0)","1","7","volta_sgemm_32x128_tt",8927
15.163835,0.001472,,,,,,,,,,112,72.562176,"Pageable","Device","Tesla V100-PCIE-32GB (0)","1","7","[CUDA memcpy HtoD]",8947
15.164502,0.019487,2048,1,1,384,1,1,16,0.000000,0.000000,,,,,"Tesla V100-PCIE-32GB (0)","1","7","void scal_kernel_val<double, double>(cublasScalParamsVal<double, double>)",9061
15.164976,33.266053,21,3528,1,256,1,1,55,16.000000,0.000000,,,,,"Tesla V100-PCIE-32GB (0)","1","7","volta_sgemm_32x128_tt",9092
15.198261,0.001504,,,,,,,,,,112,71.018300,"Pageable","Device","Tesla V100-PCIE-32GB (0)","1","7","[CUDA memcpy HtoD]",9112
15.198891,0.019551,2048,1,1,384,1,1,16,0.000000,0.000000,,,,,"Tesla V100-PCIE-32GB (0)","1","7","void scal_kernel_val<double, double>(cublasScalParamsVal<double, double>)",9226
15.199384,33.271140,21,3528,1,256,1,1,55,16.000000,0.000000,,,,,"Tesla V100-PCIE-32GB (0)","1","7","volta_sgemm_32x128_tt",9257
15.232666,0.001472,,,,,,,,,,112,72.562176,"Pageable","Device","Tesla V100-PCIE-32GB (0)","1","7","[CUDA memcpy HtoD]",9277
15.233342,0.019552,2048,1,1,384,1,1,16,0.000000,0.000000,,,,,"Tesla V100-PCIE-32GB (0)","1","7","void scal_kernel_val<double, double>(cublasScalParamsVal<double, double>)",9391
15.233811,33.265765,21,3528,1,256,1,1,55,16.000000,0.000000,,,,,"Tesla V100-PCIE-32GB (0)","1","7","volta_sgemm_32x128_tt",9422
15.267087,0.001472,,,,,,,,,,112,72.562176,"Pageable","Device","Tesla V100-PCIE-32GB (0)","1","7","[CUDA memcpy HtoD]",9442
15.267756,0.019904,2048,1,1,384,1,1,16,0.000000,0.000000,,,,,"Tesla V100-PCIE-32GB (0)","1","7","void scal_kernel_val<double, double>(cublasScalParamsVal<double, double>)",9556
15.268234,33.271045,21,3528,1,256,1,1,55,16.000000,0.000000,,,,,"Tesla V100-PCIE-32GB (0)","1","7","volta_sgemm_32x128_tt",9587
15.301514,0.001472,,,,,,,,,,112,72.562176,"Pageable","Device","Tesla V100-PCIE-32GB (0)","1","7","[CUDA memcpy HtoD]",9607
15.302148,0.019520,2048,1,1,384,1,1,16,0.000000,0.000000,,,,,"Tesla V100-PCIE-32GB (0)","1","7","void scal_kernel_val<double, double>(cublasScalParamsVal<double, double>)",9721
15.302638,33.260805,21,3528,1,256,1,1,55,16.000000,0.000000,,,,,"Tesla V100-PCIE-32GB (0)","1","7","volta_sgemm_32x128_tt",9752
15.335908,0.001472,,,,,,,,,,112,72.562176,"Pageable","Device","Tesla V100-PCIE-32GB (0)","1","7","[CUDA memcpy HtoD]",9772
15.336577,0.019488,2048,1,1,384,1,1,16,0.000000,0.000000,,,,,"Tesla V100-PCIE-32GB (0)","1","7","void scal_kernel_val<double, double>(cublasScalParamsVal<double, double>)",9886
15.337045,33.263365,21,3528,1,256,1,1,55,16.000000,0.000000,,,,,"Tesla V100-PCIE-32GB (0)","1","7","volta_sgemm_32x128_tt",9917
15.370318,0.001472,,,,,,,,,,112,72.562176,"Pageable","Device","Tesla V100-PCIE-32GB (0)","1","7","[CUDA memcpy HtoD]",9937
15.370994,0.019456,2048,1,1,384,1,1,16,0.000000,0.000000,,,,,"Tesla V100-PCIE-32GB (0)","1","7","void scal_kernel_val<double, double>(cublasScalParamsVal<double, double>)",10051
15.371479,33.263205,21,3528,1,256,1,1,55,16.000000,0.000000,,,,,"Tesla V100-PCIE-32GB (0)","1","7","volta_sgemm_32x128_tt",10082
15.404752,0.001600,,,,,,,,,,112,66.757202,"Pageable","Device","Tesla V100-PCIE-32GB (0)","1","7","[CUDA memcpy HtoD]",10102
15.405433,0.019103,2048,1,1,384,1,1,16,0.000000,0.000000,,,,,"Tesla V100-PCIE-32GB (0)","1","7","void scal_kernel_val<double, double>(cublasScalParamsVal<double, double>)",10216
15.405899,33.276485,21,3528,1,256,1,1,55,16.000000,0.000000,,,,,"Tesla V100-PCIE-32GB (0)","1","7","volta_sgemm_32x128_tt",10247
15.439185,0.001472,,,,,,,,,,112,72.562176,"Pageable","Device","Tesla V100-PCIE-32GB (0)","1","7","[CUDA memcpy HtoD]",10267
15.439896,0.019264,2048,1,1,384,1,1,16,0.000000,0.000000,,,,,"Tesla V100-PCIE-32GB (0)","1","7","void scal_kernel_val<double, double>(cublasScalParamsVal<double, double>)",10381
15.440382,33.275397,21,3528,1,256,1,1,55,16.000000,0.000000,,,,,"Tesla V100-PCIE-32GB (0)","1","7","volta_sgemm_32x128_tt",10412
15.473667,0.001504,,,,,,,,,,112,71.018300,"Pageable","Device","Tesla V100-PCIE-32GB (0)","1","7","[CUDA memcpy HtoD]",10432
15.474347,0.019936,2048,1,1,384,1,1,16,0.000000,0.000000,,,,,"Tesla V100-PCIE-32GB (0)","1","7","void scal_kernel_val<double, double>(cublasScalParamsVal<double, double>)",10546
15.475914,33.276036,21,3528,1,256,1,1,55,16.000000,0.000000,,,,,"Tesla V100-PCIE-32GB (0)","1","7","volta_sgemm_32x128_tt",10577
15.509198,0.001472,,,,,,,,,,112,72.562176,"Pageable","Device","Tesla V100-PCIE-32GB (0)","1","7","[CUDA memcpy HtoD]",10597
15.509849,0.019168,2048,1,1,384,1,1,16,0.000000,0.000000,,,,,"Tesla V100-PCIE-32GB (0)","1","7","void scal_kernel_val<double, double>(cublasScalParamsVal<double, double>)",10711
15.510336,33.263429,21,3528,1,256,1,1,55,16.000000,0.000000,,,,,"Tesla V100-PCIE-32GB (0)","1","7","volta_sgemm_32x128_tt",10742
15.543609,0.001472,,,,,,,,,,112,72.562176,"Pageable","Device","Tesla V100-PCIE-32GB (0)","1","7","[CUDA memcpy HtoD]",10762
15.544289,0.019392,2048,1,1,384,1,1,16,0.000000,0.000000,,,,,"Tesla V100-PCIE-32GB (0)","1","7","void scal_kernel_val<double, double>(cublasScalParamsVal<double, double>)",10876
15.545770,33.273445,21,3528,1,256,1,1,55,16.000000,0.000000,,,,,"Tesla V100-PCIE-32GB (0)","1","7","volta_sgemm_32x128_tt",10907
15.579052,0.001472,,,,,,,,,,112,72.562176,"Pageable","Device","Tesla V100-PCIE-32GB (0)","1","7","[CUDA memcpy HtoD]",10927
15.579733,0.019648,2048,1,1,384,1,1,16,0.000000,0.000000,,,,,"Tesla V100-PCIE-32GB (0)","1","7","void scal_kernel_val<double, double>(cublasScalParamsVal<double, double>)",11041
15.580216,33.273892,21,3528,1,256,1,1,55,16.000000,0.000000,,,,,"Tesla V100-PCIE-32GB (0)","1","7","volta_sgemm_32x128_tt",11072
15.613499,0.001472,,,,,,,,,,112,72.562176,"Pageable","Device","Tesla V100-PCIE-32GB (0)","1","7","[CUDA memcpy HtoD]",11092
15.614159,0.019168,2048,1,1,384,1,1,16,0.000000,0.000000,,,,,"Tesla V100-PCIE-32GB (0)","1","7","void scal_kernel_val<double, double>(cublasScalParamsVal<double, double>)",11206
15.614653,33.281669,21,3528,1,256,1,1,55,16.000000,0.000000,,,,,"Tesla V100-PCIE-32GB (0)","1","7","volta_sgemm_32x128_tt",11237
15.647945,0.001472,,,,,,,,,,112,72.562176,"Pageable","Device","Tesla V100-PCIE-32GB (0)","1","7","[CUDA memcpy HtoD]",11257
15.648622,0.019648,2048,1,1,384,1,1,16,0.000000,0.000000,,,,,"Tesla V100-PCIE-32GB (0)","1","7","void scal_kernel_val<double, double>(cublasScalParamsVal<double, double>)",11371
15.649094,33.272388,21,3528,1,256,1,1,55,16.000000,0.000000,,,,,"Tesla V100-PCIE-32GB (0)","1","7","volta_sgemm_32x128_tt",11402
15.682376,0.001472,,,,,,,,,,112,72.562176,"Pageable","Device","Tesla V100-PCIE-32GB (0)","1","7","[CUDA memcpy HtoD]",11422
15.683040,0.019552,2048,1,1,384,1,1,16,0.000000,0.000000,,,,,"Tesla V100-PCIE-32GB (0)","1","7","void scal_kernel_val<double, double>(cublasScalParamsVal<double, double>)",11536
15.683515,33.267940,21,3528,1,256,1,1,55,16.000000,0.000000,,,,,"Tesla V100-PCIE-32GB (0)","1","7","volta_sgemm_32x128_tt",11567
15.716792,0.001504,,,,,,,,,,112,71.018300,"Pageable","Device","Tesla V100-PCIE-32GB (0)","1","7","[CUDA memcpy HtoD]",11587
15.717471,0.019232,2048,1,1,384,1,1,16,0.000000,0.000000,,,,,"Tesla V100-PCIE-32GB (0)","1","7","void scal_kernel_val<double, double>(cublasScalParamsVal<double, double>)",11701
15.717939,33.275461,21,3528,1,256,1,1,55,16.000000,0.000000,,,,,"Tesla V100-PCIE-32GB (0)","1","7","volta_sgemm_32x128_tt",11732
15.751225,0.001472,,,,,,,,,,112,72.562176,"Pageable","Device","Tesla V100-PCIE-32GB (0)","1","7","[CUDA memcpy HtoD]",11752
15.751910,0.019264,2048,1,1,384,1,1,16,0.000000,0.000000,,,,,"Tesla V100-PCIE-32GB (0)","1","7","void scal_kernel_val<double, double>(cublasScalParamsVal<double, double>)",11866
15.752396,33.269092,21,3528,1,256,1,1,55,16.000000,0.000000,,,,,"Tesla V100-PCIE-32GB (0)","1","7","volta_sgemm_32x128_tt",11897
15.785675,0.001504,,,,,,,,,,112,71.018300,"Pageable","Device","Tesla V100-PCIE-32GB (0)","1","7","[CUDA memcpy HtoD]",11917
15.786370,0.019967,2048,1,1,384,1,1,16,0.000000,0.000000,,,,,"Tesla V100-PCIE-32GB (0)","1","7","void scal_kernel_val<double, double>(cublasScalParamsVal<double, double>)",12031
15.786849,33.275845,21,3528,1,256,1,1,55,16.000000,0.000000,,,,,"Tesla V100-PCIE-32GB (0)","1","7","volta_sgemm_32x128_tt",12062
15.820134,0.001503,,,,,,,,,,112,71.065551,"Pageable","Device","Tesla V100-PCIE-32GB (0)","1","7","[CUDA memcpy HtoD]",12082
15.820809,0.019232,2048,1,1,384,1,1,16,0.000000,0.000000,,,,,"Tesla V100-PCIE-32GB (0)","1","7","void scal_kernel_val<double, double>(cublasScalParamsVal<double, double>)",12196
15.821295,33.275172,21,3528,1,256,1,1,55,16.000000,0.000000,,,,,"Tesla V100-PCIE-32GB (0)","1","7","volta_sgemm_32x128_tt",12227
15.854580,0.001472,,,,,,,,,,112,72.562176,"Pageable","Device","Tesla V100-PCIE-32GB (0)","1","7","[CUDA memcpy HtoD]",12247
15.855273,0.019904,2048,1,1,384,1,1,16,0.000000,0.000000,,,,,"Tesla V100-PCIE-32GB (0)","1","7","void scal_kernel_val<double, double>(cublasScalParamsVal<double, double>)",12361
15.856748,33.268741,21,3528,1,256,1,1,55,16.000000,0.000000,,,,,"Tesla V100-PCIE-32GB (0)","1","7","volta_sgemm_32x128_tt",12392
15.890026,0.001504,,,,,,,,,,112,71.018300,"Pageable","Device","Tesla V100-PCIE-32GB (0)","1","7","[CUDA memcpy HtoD]",12412
15.890696,0.019679,2048,1,1,384,1,1,16,0.000000,0.000000,,,,,"Tesla V100-PCIE-32GB (0)","1","7","void scal_kernel_val<double, double>(cublasScalParamsVal<double, double>)",12526
15.891173,33.267269,21,3528,1,256,1,1,55,16.000000,0.000000,,,,,"Tesla V100-PCIE-32GB (0)","1","7","volta_sgemm_32x128_tt",12557
15.924449,0.001472,,,,,,,,,,112,72.562176,"Pageable","Device","Tesla V100-PCIE-32GB (0)","1","7","[CUDA memcpy HtoD]",12577
15.925111,0.019968,2048,1,1,384,1,1,16,0.000000,0.000000,,,,,"Tesla V100-PCIE-32GB (0)","1","7","void scal_kernel_val<double, double>(cublasScalParamsVal<double, double>)",12691
15.925587,33.270308,21,3528,1,256,1,1,55,16.000000,0.000000,,,,,"Tesla V100-PCIE-32GB (0)","1","7","volta_sgemm_32x128_tt",12722
15.958867,0.001472,,,,,,,,,,112,72.562176,"Pageable","Device","Tesla V100-PCIE-32GB (0)","1","7","[CUDA memcpy HtoD]",12742
15.959532,0.019584,2048,1,1,384,1,1,16,0.000000,0.000000,,,,,"Tesla V100-PCIE-32GB (0)","1","7","void scal_kernel_val<double, double>(cublasScalParamsVal<double, double>)",12856
15.960001,33.276100,21,3528,1,256,1,1,55,16.000000,0.000000,,,,,"Tesla V100-PCIE-32GB (0)","1","7","volta_sgemm_32x128_tt",12887
15.993285,0.001472,,,,,,,,,,112,72.562176,"Pageable","Device","Tesla V100-PCIE-32GB (0)","1","7","[CUDA memcpy HtoD]",12907
15.993947,0.019936,2048,1,1,384,1,1,16,0.000000,0.000000,,,,,"Tesla V100-PCIE-32GB (0)","1","7","void scal_kernel_val<double, double>(cublasScalParamsVal<double, double>)",13021
15.994431,33.275621,21,3528,1,256,1,1,55,16.000000,0.000000,,,,,"Tesla V100-PCIE-32GB (0)","1","7","volta_sgemm_32x128_tt",13052
16.027715,0.001504,,,,,,,,,,112,71.018300,"Pageable","Device","Tesla V100-PCIE-32GB (0)","1","7","[CUDA memcpy HtoD]",13072
16.028388,0.019584,2048,1,1,384,1,1,16,0.000000,0.000000,,,,,"Tesla V100-PCIE-32GB (0)","1","7","void scal_kernel_val<double, double>(cublasScalParamsVal<double, double>)",13186
16.028855,33.268421,21,3528,1,256,1,1,55,16.000000,0.000000,,,,,"Tesla V100-PCIE-32GB (0)","1","7","volta_sgemm_32x128_tt",13217
16.062133,0.001503,,,,,,,,,,112,71.065551,"Pageable","Device","Tesla V100-PCIE-32GB (0)","1","7","[CUDA memcpy HtoD]",13237
16.062800,0.019584,2048,1,1,384,1,1,16,0.000000,0.000000,,,,,"Tesla V100-PCIE-32GB (0)","1","7","void scal_kernel_val<double, double>(cublasScalParamsVal<double, double>)",13351
16.063286,33.274564,21,3528,1,256,1,1,55,16.000000,0.000000,,,,,"Tesla V100-PCIE-32GB (0)","1","7","volta_sgemm_32x128_tt",13382
16.096570,0.001632,,,,,,,,,,112,65.448236,"Pageable","Device","Tesla V100-PCIE-32GB (0)","1","7","[CUDA memcpy HtoD]",13402
16.097251,0.019551,2048,1,1,384,1,1,16,0.000000,0.000000,,,,,"Tesla V100-PCIE-32GB (0)","1","7","void scal_kernel_val<double, double>(cublasScalParamsVal<double, double>)",13516
16.097734,33.273669,21,3528,1,256,1,1,55,16.000000,0.000000,,,,,"Tesla V100-PCIE-32GB (0)","1","7","volta_sgemm_32x128_tt",13547
16.131016,0.001472,,,,,,,,,,112,72.562176,"Pageable","Device","Tesla V100-PCIE-32GB (0)","1","7","[CUDA memcpy HtoD]",13567
16.131693,0.019744,2048,1,1,384,1,1,16,0.000000,0.000000,,,,,"Tesla V100-PCIE-32GB (0)","1","7","void scal_kernel_val<double, double>(cublasScalParamsVal<double, double>)",13681
16.132170,33.273572,21,3528,1,256,1,1,55,16.000000,0.000000,,,,,"Tesla V100-PCIE-32GB (0)","1","7","volta_sgemm_32x128_tt",13712
16.165453,0.001472,,,,,,,,,,112,72.562176,"Pageable","Device","Tesla V100-PCIE-32GB (0)","1","7","[CUDA memcpy HtoD]",13732
16.166110,0.020000,2048,1,1,384,1,1,16,0.000000,0.000000,,,,,"Tesla V100-PCIE-32GB (0)","1","7","void scal_kernel_val<double, double>(cublasScalParamsVal<double, double>)",13846
16.166595,33.265989,21,3528,1,256,1,1,55,16.000000,0.000000,,,,,"Tesla V100-PCIE-32GB (0)","1","7","volta_sgemm_32x128_tt",13877
16.199869,0.001472,,,,,,,,,,112,72.562176,"Pageable","Device","Tesla V100-PCIE-32GB (0)","1","7","[CUDA memcpy HtoD]",13897
16.200531,0.019647,2048,1,1,384,1,1,16,0.000000,0.000000,,,,,"Tesla V100-PCIE-32GB (0)","1","7","void scal_kernel_val<double, double>(cublasScalParamsVal<double, double>)",14011
16.200998,33.264613,21,3528,1,256,1,1,55,16.000000,0.000000,,,,,"Tesla V100-PCIE-32GB (0)","1","7","volta_sgemm_32x128_tt",14042
16.234273,0.001472,,,,,,,,,,112,72.562176,"Pageable","Device","Tesla V100-PCIE-32GB (0)","1","7","[CUDA memcpy HtoD]",14062
16.234928,0.019519,2048,1,1,384,1,1,16,0.000000,0.000000,,,,,"Tesla V100-PCIE-32GB (0)","1","7","void scal_kernel_val<double, double>(cublasScalParamsVal<double, double>)",14176
16.235404,33.265477,21,3528,1,256,1,1,55,16.000000,0.000000,,,,,"Tesla V100-PCIE-32GB (0)","1","7","volta_sgemm_32x128_tt",14207
16.268678,0.001472,,,,,,,,,,112,72.562176,"Pageable","Device","Tesla V100-PCIE-32GB (0)","1","7","[CUDA memcpy HtoD]",14227
16.269344,0.020000,2048,1,1,384,1,1,16,0.000000,0.000000,,,,,"Tesla V100-PCIE-32GB (0)","1","7","void scal_kernel_val<double, double>(cublasScalParamsVal<double, double>)",14341
16.269814,33.267460,21,3528,1,256,1,1,55,16.000000,0.000000,,,,,"Tesla V100-PCIE-32GB (0)","1","7","volta_sgemm_32x128_tt",14372
16.303091,0.001504,,,,,,,,,,112,71.018300,"Pageable","Device","Tesla V100-PCIE-32GB (0)","1","7","[CUDA memcpy HtoD]",14392
16.303750,0.019424,2048,1,1,384,1,1,16,0.000000,0.000000,,,,,"Tesla V100-PCIE-32GB (0)","1","7","void scal_kernel_val<double, double>(cublasScalParamsVal<double, double>)",14506
16.304224,33.270532,21,3528,1,256,1,1,55,16.000000,0.000000,,,,,"Tesla V100-PCIE-32GB (0)","1","7","volta_sgemm_32x128_tt",14537
16.337504,0.001472,,,,,,,,,,112,72.562176,"Pageable","Device","Tesla V100-PCIE-32GB (0)","1","7","[CUDA memcpy HtoD]",14557
16.338161,0.019520,2048,1,1,384,1,1,16,0.000000,0.000000,,,,,"Tesla V100-PCIE-32GB (0)","1","7","void scal_kernel_val<double, double>(cublasScalParamsVal<double, double>)",14671
16.338637,33.270437,21,3528,1,256,1,1,55,16.000000,0.000000,,,,,"Tesla V100-PCIE-32GB (0)","1","7","volta_sgemm_32x128_tt",14702
16.371917,0.001504,,,,,,,,,,112,71.018300,"Pageable","Device","Tesla V100-PCIE-32GB (0)","1","7","[CUDA memcpy HtoD]",14722
16.372592,0.019007,2048,1,1,384,1,1,16,0.000000,0.000000,,,,,"Tesla V100-PCIE-32GB (0)","1","7","void scal_kernel_val<double, double>(cublasScalParamsVal<double, double>)",14836
16.373071,33.267461,21,3528,1,256,1,1,55,16.000000,0.000000,,,,,"Tesla V100-PCIE-32GB (0)","1","7","volta_sgemm_32x128_tt",14867
16.406348,0.001472,,,,,,,,,,112,72.562176,"Pageable","Device","Tesla V100-PCIE-32GB (0)","1","7","[CUDA memcpy HtoD]",14887
16.407012,0.019776,2048,1,1,384,1,1,16,0.000000,0.000000,,,,,"Tesla V100-PCIE-32GB (0)","1","7","void scal_kernel_val<double, double>(cublasScalParamsVal<double, double>)",15001
16.407499,33.269156,21,3528,1,256,1,1,55,16.000000,0.000000,,,,,"Tesla V100-PCIE-32GB (0)","1","7","volta_sgemm_32x128_tt",15032
16.440778,0.001472,,,,,,,,,,112,72.562176,"Pageable","Device","Tesla V100-PCIE-32GB (0)","1","7","[CUDA memcpy HtoD]",15052
16.441446,0.019520,2048,1,1,384,1,1,16,0.000000,0.000000,,,,,"Tesla V100-PCIE-32GB (0)","1","7","void scal_kernel_val<double, double>(cublasScalParamsVal<double, double>)",15166
16.441931,33.272389,21,3528,1,256,1,1,55,16.000000,0.000000,,,,,"Tesla V100-PCIE-32GB (0)","1","7","volta_sgemm_32x128_tt",15197
16.475216,0.001504,,,,,,,,,,112,71.018300,"Pageable","Device","Tesla V100-PCIE-32GB (0)","1","7","[CUDA memcpy HtoD]",15217
16.475872,0.019487,2048,1,1,384,1,1,16,0.000000,0.000000,,,,,"Tesla V100-PCIE-32GB (0)","1","7","void scal_kernel_val<double, double>(cublasScalParamsVal<double, double>)",15331
16.476345,33.269157,21,3528,1,256,1,1,55,16.000000,0.000000,,,,,"Tesla V100-PCIE-32GB (0)","1","7","volta_sgemm_32x128_tt",15362
16.509623,0.001472,,,,,,,,,,112,72.562176,"Pageable","Device","Tesla V100-PCIE-32GB (0)","1","7","[CUDA memcpy HtoD]",15382
16.510287,0.019552,2048,1,1,384,1,1,16,0.000000,0.000000,,,,,"Tesla V100-PCIE-32GB (0)","1","7","void scal_kernel_val<double, double>(cublasScalParamsVal<double, double>)",15496
16.510755,33.270660,21,3528,1,256,1,1,55,16.000000,0.000000,,,,,"Tesla V100-PCIE-32GB (0)","1","7","volta_sgemm_32x128_tt",15527
16.544036,0.001472,,,,,,,,,,112,72.562176,"Pageable","Device","Tesla V100-PCIE-32GB (0)","1","7","[CUDA memcpy HtoD]",15547
16.544708,0.019520,2048,1,1,384,1,1,16,0.000000,0.000000,,,,,"Tesla V100-PCIE-32GB (0)","1","7","void scal_kernel_val<double, double>(cublasScalParamsVal<double, double>)",15661
16.545177,33.275620,21,3528,1,256,1,1,55,16.000000,0.000000,,,,,"Tesla V100-PCIE-32GB (0)","1","7","volta_sgemm_32x128_tt",15692
16.578461,0.001504,,,,,,,,,,112,71.018300,"Pageable","Device","Tesla V100-PCIE-32GB (0)","1","7","[CUDA memcpy HtoD]",15712
16.579118,0.019744,2048,1,1,384,1,1,16,0.000000,0.000000,,,,,"Tesla V100-PCIE-32GB (0)","1","7","void scal_kernel_val<double, double>(cublasScalParamsVal<double, double>)",15826
16.579594,33.275685,21,3528,1,256,1,1,55,16.000000,0.000000,,,,,"Tesla V100-PCIE-32GB (0)","1","7","volta_sgemm_32x128_tt",15857
16.612878,0.001600,,,,,,,,,,112,66.757202,"Pageable","Device","Tesla V100-PCIE-32GB (0)","1","7","[CUDA memcpy HtoD]",15877
16.613545,0.019296,2048,1,1,384,1,1,16,0.000000,0.000000,,,,,"Tesla V100-PCIE-32GB (0)","1","7","void scal_kernel_val<double, double>(cublasScalParamsVal<double, double>)",15991
16.614024,33.271173,21,3528,1,256,1,1,55,16.000000,0.000000,,,,,"Tesla V100-PCIE-32GB (0)","1","7","volta_sgemm_32x128_tt",16022
16.647305,0.001472,,,,,,,,,,112,72.562176,"Pageable","Device","Tesla V100-PCIE-32GB (0)","1","7","[CUDA memcpy HtoD]",16042
16.647971,0.019360,2048,1,1,384,1,1,16,0.000000,0.000000,,,,,"Tesla V100-PCIE-32GB (0)","1","7","void scal_kernel_val<double, double>(cublasScalParamsVal<double, double>)",16156
16.648461,33.267941,21,3528,1,256,1,1,55,16.000000,0.000000,,,,,"Tesla V100-PCIE-32GB (0)","1","7","volta_sgemm_32x128_tt",16187
16.681737,0.001504,,,,,,,,,,112,71.018300,"Pageable","Device","Tesla V100-PCIE-32GB (0)","1","7","[CUDA memcpy HtoD]",16207
16.682404,0.019328,2048,1,1,384,1,1,16,0.000000,0.000000,,,,,"Tesla V100-PCIE-32GB (0)","1","7","void scal_kernel_val<double, double>(cublasScalParamsVal<double, double>)",16321
16.683040,33.272644,21,3528,1,256,1,1,55,16.000000,0.000000,,,,,"Tesla V100-PCIE-32GB (0)","1","7","volta_sgemm_32x128_tt",16352
16.716322,0.001472,,,,,,,,,,112,72.562176,"Pageable","Device","Tesla V100-PCIE-32GB (0)","1","7","[CUDA memcpy HtoD]",16372
16.717093,0.019968,2048,1,1,384,1,1,16,0.000000,0.000000,,,,,"Tesla V100-PCIE-32GB (0)","1","7","void scal_kernel_val<double, double>(cublasScalParamsVal<double, double>)",16486
19.122104,39.076493,6,3528,1,256,1,1,124,0.000000,16.250000,,,,,"Tesla V100-PCIE-32GB (0)","1","7","void cutlass::Kernel<cutlass::gemm::kernel::Gemm<cutlass::gemm::threadblock::MmaPipelined<cutlass::gemm::GemmShape<int=128, int=128, int=8>, cutlass::transform::threadblock::PredicatedTileIterator<cutlass::MatrixShape<int=128, int=8>, float, cutlass::layout::RowMajor, int=1, cutlass::transform::PitchLinearStripminedThreadMap<cutlass::layout::PitchLinearShape<int=8, int=128>, int=256, int=1>, int=1>, cutlass::transform::threadblock::RegularTileIterator<cutlass::MatrixShape<int=128, int=8>, float, cutlass::layout::ColumnMajor, int=1, cutlass::transform::TransposePitchLinearThreadMapSimt<cutlass::transform::PitchLinearStripminedThreadMap<cutlass::layout::PitchLinearShape<int=8, int=128>, int=256, int=1>>, int=4>, cutlass::transform::threadblock::PredicatedTileIterator<cutlass::MatrixShape<int=8, int=128>, float, cutlass::layout::RowMajor, int=0, cutlass::transform::PitchLinearStripminedThreadMap<cutlass::layout::PitchLinearShape<int=128, int=8>, int=256, int=1>, int=1>, cutlass::transform::threadblock::RegularTileIterator<cutlass::MatrixShape<int=8, int=128>, float, cutlass::layout::RowMajor, int=0, cutlass::transform::PitchLinearStripminedThreadMap<cutlass::layout::PitchLinearShape<int=128, int=8>, int=256, int=1>, int=4>, float, cutlass::layout::RowMajor, cutlass::gemm::threadblock::MmaPolicy<cutlass::gemm::warp::MmaSimt<cutlass::gemm::GemmShape<int=32, int=64, int=8>, float, cutlass::layout::ColumnMajor, float, cutlass::layout::RowMajor, float, cutlass::layout::RowMajor, cutlass::gemm::warp::MmaSimtPolicy<cutlass::MatrixShape<int=4, int=8>, cutlass::layout::RowMajorInterleaved<int=2>, cutlass::gemm::GemmShape<int=4, int=4, int=1>>, int=1, bool>, cutlass::MatrixShape<int=4, int=0>, cutlass::MatrixShape<int=0, int=0>, int=1>, cutlass::NumericArrayConverter<float, float, int=4, cutlass::FloatRoundStyle>, cutlass::NumericArrayConverter<float, float, int=4, cutlass::FloatRoundStyle>, bool>, cutlass::epilogue::threadblock::Epilogue<cutlass::gemm::GemmShape<int=128, int=128, int=8>, cutlass::gemm::warp::MmaSimt<cutlass::gemm::GemmShape<int=32, int=64, int=8>, float, cutlass::layout::ColumnMajor, float, cutlass::layout::RowMajor, float, cutlass::layout::RowMajor, cutlass::gemm::warp::MmaSimtPolicy<cutlass::MatrixShape<int=4, int=8>, cutlass::layout::RowMajorInterleaved<int=2>, cutlass::gemm::GemmShape<int=4, int=4, int=1>>, int=1, bool>, int=1, cutlass::epilogue::threadblock::PredicatedTileIterator<cutlass::epilogue::threadblock::OutputTileOptimalThreadMap<cutlass::epilogue::threadblock::OutputTileShape<int=128, int=1, int=4, int=4, int=1>, cutlass::epilogue::threadblock::OutputTileShape<int=1, int=4, int=2, int=1, int=8>, int=256, int=1, int=32>, float>, cutlass::epilogue::warp::FragmentIteratorSimt<cutlass::gemm::GemmShape<int=32, int=64, int=8>, cutlass::gemm::thread::Mma<cutlass::gemm::GemmShape<int=8, int=8, int=1>, float, cutlass::layout::ColumnMajor, float, cutlass::layout::RowMajor, float, cutlass::layout::RowMajor, cutlass::arch::OpMultiplyAdd, bool>, cutlass::layout::RowMajor, cutlass::gemm::warp::MmaSimtPolicy<cutlass::MatrixShape<int=4, int=8>, cutlass::layout::RowMajorInterleaved<int=2>, cutlass::gemm::GemmShape<int=4, int=4, int=1>>>, cutlass::epilogue::warp::TileIteratorSimt<cutlass::gemm::GemmShape<int=32, int=64, int=8>, cutlass::gemm::thread::Mma<cutlass::gemm::GemmShape<int=8, int=8, int=1>, float, cutlass::layout::ColumnMajor, float, cutlass::layout::RowMajor, float, cutlass::layout::RowMajor, cutlass::arch::OpMultiplyAdd, bool>, float, cutlass::layout::RowMajor, cutlass::gemm::warp::MmaSimtPolicy<cutlass::MatrixShape<int=4, int=8>, cutlass::layout::RowMajorInterleaved<int=2>, cutlass::gemm::GemmShape<int=4, int=4, int=1>>>, cutlass::epilogue::threadblock::SharedLoadIterator<cutlass::epilogue::threadblock::OutputTileOptimalThreadMap<cutlass::epilogue::threadblock::OutputTileShape<int=128, int=1, int=4, int=4, int=1>::CompactedThreadMap, cutlass::epilogue::threadblock::OutputTileShape<int=1, int=4, int=2, int=1, int=8>, int=256, int=1, int=32>, float, int=4>, cutlass::epilogue::thread::LinearCombination<float",16557
19.161190,0.001472,,,,,,,,,,112,72.562176,"Pageable","Device","Tesla V100-PCIE-32GB (0)","1","7","[CUDA memcpy HtoD]",16577
19.161926,0.020224,2048,1,1,384,1,1,16,0.000000,0.000000,,,,,"Tesla V100-PCIE-32GB (0)","1","7","void scal_kernel_val<double, double>(cublasScalParamsVal<double, double>)",16691
19.162389,39.083373,6,3528,1,256,1,1,124,0.000000,16.250000,,,,,"Tesla V100-PCIE-32GB (0)","1","7","void cutlass::Kernel<cutlass::gemm::kernel::Gemm<cutlass::gemm::threadblock::MmaPipelined<cutlass::gemm::GemmShape<int=128, int=128, int=8>, cutlass::transform::threadblock::PredicatedTileIterator<cutlass::MatrixShape<int=128, int=8>, float, cutlass::layout::RowMajor, int=1, cutlass::transform::PitchLinearStripminedThreadMap<cutlass::layout::PitchLinearShape<int=8, int=128>, int=256, int=1>, int=1>, cutlass::transform::threadblock::RegularTileIterator<cutlass::MatrixShape<int=128, int=8>, float, cutlass::layout::ColumnMajor, int=1, cutlass::transform::TransposePitchLinearThreadMapSimt<cutlass::transform::PitchLinearStripminedThreadMap<cutlass::layout::PitchLinearShape<int=8, int=128>, int=256, int=1>>, int=4>, cutlass::transform::threadblock::PredicatedTileIterator<cutlass::MatrixShape<int=8, int=128>, float, cutlass::layout::RowMajor, int=0, cutlass::transform::PitchLinearStripminedThreadMap<cutlass::layout::PitchLinearShape<int=128, int=8>, int=256, int=1>, int=1>, cutlass::transform::threadblock::RegularTileIterator<cutlass::MatrixShape<int=8, int=128>, float, cutlass::layout::RowMajor, int=0, cutlass::transform::PitchLinearStripminedThreadMap<cutlass::layout::PitchLinearShape<int=128, int=8>, int=256, int=1>, int=4>, float, cutlass::layout::RowMajor, cutlass::gemm::threadblock::MmaPolicy<cutlass::gemm::warp::MmaSimt<cutlass::gemm::GemmShape<int=32, int=64, int=8>, float, cutlass::layout::ColumnMajor, float, cutlass::layout::RowMajor, float, cutlass::layout::RowMajor, cutlass::gemm::warp::MmaSimtPolicy<cutlass::MatrixShape<int=4, int=8>, cutlass::layout::RowMajorInterleaved<int=2>, cutlass::gemm::GemmShape<int=4, int=4, int=1>>, int=1, bool>, cutlass::MatrixShape<int=4, int=0>, cutlass::MatrixShape<int=0, int=0>, int=1>, cutlass::NumericArrayConverter<float, float, int=4, cutlass::FloatRoundStyle>, cutlass::NumericArrayConverter<float, float, int=4, cutlass::FloatRoundStyle>, bool>, cutlass::epilogue::threadblock::Epilogue<cutlass::gemm::GemmShape<int=128, int=128, int=8>, cutlass::gemm::warp::MmaSimt<cutlass::gemm::GemmShape<int=32, int=64, int=8>, float, cutlass::layout::ColumnMajor, float, cutlass::layout::RowMajor, float, cutlass::layout::RowMajor, cutlass::gemm::warp::MmaSimtPolicy<cutlass::MatrixShape<int=4, int=8>, cutlass::layout::RowMajorInterleaved<int=2>, cutlass::gemm::GemmShape<int=4, int=4, int=1>>, int=1, bool>, int=1, cutlass::epilogue::threadblock::PredicatedTileIterator<cutlass::epilogue::threadblock::OutputTileOptimalThreadMap<cutlass::epilogue::threadblock::OutputTileShape<int=128, int=1, int=4, int=4, int=1>, cutlass::epilogue::threadblock::OutputTileShape<int=1, int=4, int=2, int=1, int=8>, int=256, int=1, int=32>, float>, cutlass::epilogue::warp::FragmentIteratorSimt<cutlass::gemm::GemmShape<int=32, int=64, int=8>, cutlass::gemm::thread::Mma<cutlass::gemm::GemmShape<int=8, int=8, int=1>, float, cutlass::layout::ColumnMajor, float, cutlass::layout::RowMajor, float, cutlass::layout::RowMajor, cutlass::arch::OpMultiplyAdd, bool>, cutlass::layout::RowMajor, cutlass::gemm::warp::MmaSimtPolicy<cutlass::MatrixShape<int=4, int=8>, cutlass::layout::RowMajorInterleaved<int=2>, cutlass::gemm::GemmShape<int=4, int=4, int=1>>>, cutlass::epilogue::warp::TileIteratorSimt<cutlass::gemm::GemmShape<int=32, int=64, int=8>, cutlass::gemm::thread::Mma<cutlass::gemm::GemmShape<int=8, int=8, int=1>, float, cutlass::layout::ColumnMajor, float, cutlass::layout::RowMajor, float, cutlass::layout::RowMajor, cutlass::arch::OpMultiplyAdd, bool>, float, cutlass::layout::RowMajor, cutlass::gemm::warp::MmaSimtPolicy<cutlass::MatrixShape<int=4, int=8>, cutlass::layout::RowMajorInterleaved<int=2>, cutlass::gemm::GemmShape<int=4, int=4, int=1>>>, cutlass::epilogue::threadblock::SharedLoadIterator<cutlass::epilogue::threadblock::OutputTileOptimalThreadMap<cutlass::epilogue::threadblock::OutputTileShape<int=128, int=1, int=4, int=4, int=1>::CompactedThreadMap, cutlass::epilogue::threadblock::OutputTileShape<int=1, int=4, int=2, int=1, int=8>, int=256, int=1, int=32>, float, int=4>, cutlass::epilogue::thread::LinearCombination<float",16720
19.201481,0.001472,,,,,,,,,,112,72.562176,"Pageable","Device","Tesla V100-PCIE-32GB (0)","1","7","[CUDA memcpy HtoD]",16740
19.202159,0.020159,2048,1,1,384,1,1,16,0.000000,0.000000,,,,,"Tesla V100-PCIE-32GB (0)","1","7","void scal_kernel_val<double, double>(cublasScalParamsVal<double, double>)",16854
19.202598,39.074220,6,3528,1,256,1,1,124,0.000000,16.250000,,,,,"Tesla V100-PCIE-32GB (0)","1","7","void cutlass::Kernel<cutlass::gemm::kernel::Gemm<cutlass::gemm::threadblock::MmaPipelined<cutlass::gemm::GemmShape<int=128, int=128, int=8>, cutlass::transform::threadblock::PredicatedTileIterator<cutlass::MatrixShape<int=128, int=8>, float, cutlass::layout::RowMajor, int=1, cutlass::transform::PitchLinearStripminedThreadMap<cutlass::layout::PitchLinearShape<int=8, int=128>, int=256, int=1>, int=1>, cutlass::transform::threadblock::RegularTileIterator<cutlass::MatrixShape<int=128, int=8>, float, cutlass::layout::ColumnMajor, int=1, cutlass::transform::TransposePitchLinearThreadMapSimt<cutlass::transform::PitchLinearStripminedThreadMap<cutlass::layout::PitchLinearShape<int=8, int=128>, int=256, int=1>>, int=4>, cutlass::transform::threadblock::PredicatedTileIterator<cutlass::MatrixShape<int=8, int=128>, float, cutlass::layout::RowMajor, int=0, cutlass::transform::PitchLinearStripminedThreadMap<cutlass::layout::PitchLinearShape<int=128, int=8>, int=256, int=1>, int=1>, cutlass::transform::threadblock::RegularTileIterator<cutlass::MatrixShape<int=8, int=128>, float, cutlass::layout::RowMajor, int=0, cutlass::transform::PitchLinearStripminedThreadMap<cutlass::layout::PitchLinearShape<int=128, int=8>, int=256, int=1>, int=4>, float, cutlass::layout::RowMajor, cutlass::gemm::threadblock::MmaPolicy<cutlass::gemm::warp::MmaSimt<cutlass::gemm::GemmShape<int=32, int=64, int=8>, float, cutlass::layout::ColumnMajor, float, cutlass::layout::RowMajor, float, cutlass::layout::RowMajor, cutlass::gemm::warp::MmaSimtPolicy<cutlass::MatrixShape<int=4, int=8>, cutlass::layout::RowMajorInterleaved<int=2>, cutlass::gemm::GemmShape<int=4, int=4, int=1>>, int=1, bool>, cutlass::MatrixShape<int=4, int=0>, cutlass::MatrixShape<int=0, int=0>, int=1>, cutlass::NumericArrayConverter<float, float, int=4, cutlass::FloatRoundStyle>, cutlass::NumericArrayConverter<float, float, int=4, cutlass::FloatRoundStyle>, bool>, cutlass::epilogue::threadblock::Epilogue<cutlass::gemm::GemmShape<int=128, int=128, int=8>, cutlass::gemm::warp::MmaSimt<cutlass::gemm::GemmShape<int=32, int=64, int=8>, float, cutlass::layout::ColumnMajor, float, cutlass::layout::RowMajor, float, cutlass::layout::RowMajor, cutlass::gemm::warp::MmaSimtPolicy<cutlass::MatrixShape<int=4, int=8>, cutlass::layout::RowMajorInterleaved<int=2>, cutlass::gemm::GemmShape<int=4, int=4, int=1>>, int=1, bool>, int=1, cutlass::epilogue::threadblock::PredicatedTileIterator<cutlass::epilogue::threadblock::OutputTileOptimalThreadMap<cutlass::epilogue::threadblock::OutputTileShape<int=128, int=1, int=4, int=4, int=1>, cutlass::epilogue::threadblock::OutputTileShape<int=1, int=4, int=2, int=1, int=8>, int=256, int=1, int=32>, float>, cutlass::epilogue::warp::FragmentIteratorSimt<cutlass::gemm::GemmShape<int=32, int=64, int=8>, cutlass::gemm::thread::Mma<cutlass::gemm::GemmShape<int=8, int=8, int=1>, float, cutlass::layout::ColumnMajor, float, cutlass::layout::RowMajor, float, cutlass::layout::RowMajor, cutlass::arch::OpMultiplyAdd, bool>, cutlass::layout::RowMajor, cutlass::gemm::warp::MmaSimtPolicy<cutlass::MatrixShape<int=4, int=8>, cutlass::layout::RowMajorInterleaved<int=2>, cutlass::gemm::GemmShape<int=4, int=4, int=1>>>, cutlass::epilogue::warp::TileIteratorSimt<cutlass::gemm::GemmShape<int=32, int=64, int=8>, cutlass::gemm::thread::Mma<cutlass::gemm::GemmShape<int=8, int=8, int=1>, float, cutlass::layout::ColumnMajor, float, cutlass::layout::RowMajor, float, cutlass::layout::RowMajor, cutlass::arch::OpMultiplyAdd, bool>, float, cutlass::layout::RowMajor, cutlass::gemm::warp::MmaSimtPolicy<cutlass::MatrixShape<int=4, int=8>, cutlass::layout::RowMajorInterleaved<int=2>, cutlass::gemm::GemmShape<int=4, int=4, int=1>>>, cutlass::epilogue::threadblock::SharedLoadIterator<cutlass::epilogue::threadblock::OutputTileOptimalThreadMap<cutlass::epilogue::threadblock::OutputTileShape<int=128, int=1, int=4, int=4, int=1>::CompactedThreadMap, cutlass::epilogue::threadblock::OutputTileShape<int=1, int=4, int=2, int=1, int=8>, int=256, int=1, int=32>, float, int=4>, cutlass::epilogue::thread::LinearCombination<float",16883
19.241682,0.001664,,,,,,,,,,112,64.189617,"Pageable","Device","Tesla V100-PCIE-32GB (0)","1","7","[CUDA memcpy HtoD]",16903
19.242353,0.020832,2048,1,1,384,1,1,16,0.000000,0.000000,,,,,"Tesla V100-PCIE-32GB (0)","1","7","void scal_kernel_val<double, double>(cublasScalParamsVal<double, double>)",17017
19.242784,39.080749,6,3528,1,256,1,1,124,0.000000,16.250000,,,,,"Tesla V100-PCIE-32GB (0)","1","7","void cutlass::Kernel<cutlass::gemm::kernel::Gemm<cutlass::gemm::threadblock::MmaPipelined<cutlass::gemm::GemmShape<int=128, int=128, int=8>, cutlass::transform::threadblock::PredicatedTileIterator<cutlass::MatrixShape<int=128, int=8>, float, cutlass::layout::RowMajor, int=1, cutlass::transform::PitchLinearStripminedThreadMap<cutlass::layout::PitchLinearShape<int=8, int=128>, int=256, int=1>, int=1>, cutlass::transform::threadblock::RegularTileIterator<cutlass::MatrixShape<int=128, int=8>, float, cutlass::layout::ColumnMajor, int=1, cutlass::transform::TransposePitchLinearThreadMapSimt<cutlass::transform::PitchLinearStripminedThreadMap<cutlass::layout::PitchLinearShape<int=8, int=128>, int=256, int=1>>, int=4>, cutlass::transform::threadblock::PredicatedTileIterator<cutlass::MatrixShape<int=8, int=128>, float, cutlass::layout::RowMajor, int=0, cutlass::transform::PitchLinearStripminedThreadMap<cutlass::layout::PitchLinearShape<int=128, int=8>, int=256, int=1>, int=1>, cutlass::transform::threadblock::RegularTileIterator<cutlass::MatrixShape<int=8, int=128>, float, cutlass::layout::RowMajor, int=0, cutlass::transform::PitchLinearStripminedThreadMap<cutlass::layout::PitchLinearShape<int=128, int=8>, int=256, int=1>, int=4>, float, cutlass::layout::RowMajor, cutlass::gemm::threadblock::MmaPolicy<cutlass::gemm::warp::MmaSimt<cutlass::gemm::GemmShape<int=32, int=64, int=8>, float, cutlass::layout::ColumnMajor, float, cutlass::layout::RowMajor, float, cutlass::layout::RowMajor, cutlass::gemm::warp::MmaSimtPolicy<cutlass::MatrixShape<int=4, int=8>, cutlass::layout::RowMajorInterleaved<int=2>, cutlass::gemm::GemmShape<int=4, int=4, int=1>>, int=1, bool>, cutlass::MatrixShape<int=4, int=0>, cutlass::MatrixShape<int=0, int=0>, int=1>, cutlass::NumericArrayConverter<float, float, int=4, cutlass::FloatRoundStyle>, cutlass::NumericArrayConverter<float, float, int=4, cutlass::FloatRoundStyle>, bool>, cutlass::epilogue::threadblock::Epilogue<cutlass::gemm::GemmShape<int=128, int=128, int=8>, cutlass::gemm::warp::MmaSimt<cutlass::gemm::GemmShape<int=32, int=64, int=8>, float, cutlass::layout::ColumnMajor, float, cutlass::layout::RowMajor, float, cutlass::layout::RowMajor, cutlass::gemm::warp::MmaSimtPolicy<cutlass::MatrixShape<int=4, int=8>, cutlass::layout::RowMajorInterleaved<int=2>, cutlass::gemm::GemmShape<int=4, int=4, int=1>>, int=1, bool>, int=1, cutlass::epilogue::threadblock::PredicatedTileIterator<cutlass::epilogue::threadblock::OutputTileOptimalThreadMap<cutlass::epilogue::threadblock::OutputTileShape<int=128, int=1, int=4, int=4, int=1>, cutlass::epilogue::threadblock::OutputTileShape<int=1, int=4, int=2, int=1, int=8>, int=256, int=1, int=32>, float>, cutlass::epilogue::warp::FragmentIteratorSimt<cutlass::gemm::GemmShape<int=32, int=64, int=8>, cutlass::gemm::thread::Mma<cutlass::gemm::GemmShape<int=8, int=8, int=1>, float, cutlass::layout::ColumnMajor, float, cutlass::layout::RowMajor, float, cutlass::layout::RowMajor, cutlass::arch::OpMultiplyAdd, bool>, cutlass::layout::RowMajor, cutlass::gemm::warp::MmaSimtPolicy<cutlass::MatrixShape<int=4, int=8>, cutlass::layout::RowMajorInterleaved<int=2>, cutlass::gemm::GemmShape<int=4, int=4, int=1>>>, cutlass::epilogue::warp::TileIteratorSimt<cutlass::gemm::GemmShape<int=32, int=64, int=8>, cutlass::gemm::thread::Mma<cutlass::gemm::GemmShape<int=8, int=8, int=1>, float, cutlass::layout::ColumnMajor, float, cutlass::layout::RowMajor, float, cutlass::layout::RowMajor, cutlass::arch::OpMultiplyAdd, bool>, float, cutlass::layout::RowMajor, cutlass::gemm::warp::MmaSimtPolicy<cutlass::MatrixShape<int=4, int=8>, cutlass::layout::RowMajorInterleaved<int=2>, cutlass::gemm::GemmShape<int=4, int=4, int=1>>>, cutlass::epilogue::threadblock::SharedLoadIterator<cutlass::epilogue::threadblock::OutputTileOptimalThreadMap<cutlass::epilogue::threadblock::OutputTileShape<int=128, int=1, int=4, int=4, int=1>::CompactedThreadMap, cutlass::epilogue::threadblock::OutputTileShape<int=1, int=4, int=2, int=1, int=8>, int=256, int=1, int=32>, float, int=4>, cutlass::epilogue::thread::LinearCombination<float",17046
19.281874,0.001504,,,,,,,,,,112,71.018300,"Pageable","Device","Tesla V100-PCIE-32GB (0)","1","7","[CUDA memcpy HtoD]",17066
19.282546,0.020352,2048,1,1,384,1,1,16,0.000000,0.000000,,,,,"Tesla V100-PCIE-32GB (0)","1","7","void scal_kernel_val<double, double>(cublasScalParamsVal<double, double>)",17180
19.282974,39.073037,6,3528,1,256,1,1,124,0.000000,16.250000,,,,,"Tesla V100-PCIE-32GB (0)","1","7","void cutlass::Kernel<cutlass::gemm::kernel::Gemm<cutlass::gemm::threadblock::MmaPipelined<cutlass::gemm::GemmShape<int=128, int=128, int=8>, cutlass::transform::threadblock::PredicatedTileIterator<cutlass::MatrixShape<int=128, int=8>, float, cutlass::layout::RowMajor, int=1, cutlass::transform::PitchLinearStripminedThreadMap<cutlass::layout::PitchLinearShape<int=8, int=128>, int=256, int=1>, int=1>, cutlass::transform::threadblock::RegularTileIterator<cutlass::MatrixShape<int=128, int=8>, float, cutlass::layout::ColumnMajor, int=1, cutlass::transform::TransposePitchLinearThreadMapSimt<cutlass::transform::PitchLinearStripminedThreadMap<cutlass::layout::PitchLinearShape<int=8, int=128>, int=256, int=1>>, int=4>, cutlass::transform::threadblock::PredicatedTileIterator<cutlass::MatrixShape<int=8, int=128>, float, cutlass::layout::RowMajor, int=0, cutlass::transform::PitchLinearStripminedThreadMap<cutlass::layout::PitchLinearShape<int=128, int=8>, int=256, int=1>, int=1>, cutlass::transform::threadblock::RegularTileIterator<cutlass::MatrixShape<int=8, int=128>, float, cutlass::layout::RowMajor, int=0, cutlass::transform::PitchLinearStripminedThreadMap<cutlass::layout::PitchLinearShape<int=128, int=8>, int=256, int=1>, int=4>, float, cutlass::layout::RowMajor, cutlass::gemm::threadblock::MmaPolicy<cutlass::gemm::warp::MmaSimt<cutlass::gemm::GemmShape<int=32, int=64, int=8>, float, cutlass::layout::ColumnMajor, float, cutlass::layout::RowMajor, float, cutlass::layout::RowMajor, cutlass::gemm::warp::MmaSimtPolicy<cutlass::MatrixShape<int=4, int=8>, cutlass::layout::RowMajorInterleaved<int=2>, cutlass::gemm::GemmShape<int=4, int=4, int=1>>, int=1, bool>, cutlass::MatrixShape<int=4, int=0>, cutlass::MatrixShape<int=0, int=0>, int=1>, cutlass::NumericArrayConverter<float, float, int=4, cutlass::FloatRoundStyle>, cutlass::NumericArrayConverter<float, float, int=4, cutlass::FloatRoundStyle>, bool>, cutlass::epilogue::threadblock::Epilogue<cutlass::gemm::GemmShape<int=128, int=128, int=8>, cutlass::gemm::warp::MmaSimt<cutlass::gemm::GemmShape<int=32, int=64, int=8>, float, cutlass::layout::ColumnMajor, float, cutlass::layout::RowMajor, float, cutlass::layout::RowMajor, cutlass::gemm::warp::MmaSimtPolicy<cutlass::MatrixShape<int=4, int=8>, cutlass::layout::RowMajorInterleaved<int=2>, cutlass::gemm::GemmShape<int=4, int=4, int=1>>, int=1, bool>, int=1, cutlass::epilogue::threadblock::PredicatedTileIterator<cutlass::epilogue::threadblock::OutputTileOptimalThreadMap<cutlass::epilogue::threadblock::OutputTileShape<int=128, int=1, int=4, int=4, int=1>, cutlass::epilogue::threadblock::OutputTileShape<int=1, int=4, int=2, int=1, int=8>, int=256, int=1, int=32>, float>, cutlass::epilogue::warp::FragmentIteratorSimt<cutlass::gemm::GemmShape<int=32, int=64, int=8>, cutlass::gemm::thread::Mma<cutlass::gemm::GemmShape<int=8, int=8, int=1>, float, cutlass::layout::ColumnMajor, float, cutlass::layout::RowMajor, float, cutlass::layout::RowMajor, cutlass::arch::OpMultiplyAdd, bool>, cutlass::layout::RowMajor, cutlass::gemm::warp::MmaSimtPolicy<cutlass::MatrixShape<int=4, int=8>, cutlass::layout::RowMajorInterleaved<int=2>, cutlass::gemm::GemmShape<int=4, int=4, int=1>>>, cutlass::epilogue::warp::TileIteratorSimt<cutlass::gemm::GemmShape<int=32, int=64, int=8>, cutlass::gemm::thread::Mma<cutlass::gemm::GemmShape<int=8, int=8, int=1>, float, cutlass::layout::ColumnMajor, float, cutlass::layout::RowMajor, float, cutlass::layout::RowMajor, cutlass::arch::OpMultiplyAdd, bool>, float, cutlass::layout::RowMajor, cutlass::gemm::warp::MmaSimtPolicy<cutlass::MatrixShape<int=4, int=8>, cutlass::layout::RowMajorInterleaved<int=2>, cutlass::gemm::GemmShape<int=4, int=4, int=1>>>, cutlass::epilogue::threadblock::SharedLoadIterator<cutlass::epilogue::threadblock::OutputTileOptimalThreadMap<cutlass::epilogue::threadblock::OutputTileShape<int=128, int=1, int=4, int=4, int=1>::CompactedThreadMap, cutlass::epilogue::threadblock::OutputTileShape<int=1, int=4, int=2, int=1, int=8>, int=256, int=1, int=32>, float, int=4>, cutlass::epilogue::thread::LinearCombination<float",17209
19.322056,0.001472,,,,,,,,,,112,72.562176,"Pageable","Device","Tesla V100-PCIE-32GB (0)","1","7","[CUDA memcpy HtoD]",17229
19.322729,0.020479,2048,1,1,384,1,1,16,0.000000,0.000000,,,,,"Tesla V100-PCIE-32GB (0)","1","7","void scal_kernel_val<double, double>(cublasScalParamsVal<double, double>)",17343
19.323158,39.076748,6,3528,1,256,1,1,124,0.000000,16.250000,,,,,"Tesla V100-PCIE-32GB (0)","1","7","void cutlass::Kernel<cutlass::gemm::kernel::Gemm<cutlass::gemm::threadblock::MmaPipelined<cutlass::gemm::GemmShape<int=128, int=128, int=8>, cutlass::transform::threadblock::PredicatedTileIterator<cutlass::MatrixShape<int=128, int=8>, float, cutlass::layout::RowMajor, int=1, cutlass::transform::PitchLinearStripminedThreadMap<cutlass::layout::PitchLinearShape<int=8, int=128>, int=256, int=1>, int=1>, cutlass::transform::threadblock::RegularTileIterator<cutlass::MatrixShape<int=128, int=8>, float, cutlass::layout::ColumnMajor, int=1, cutlass::transform::TransposePitchLinearThreadMapSimt<cutlass::transform::PitchLinearStripminedThreadMap<cutlass::layout::PitchLinearShape<int=8, int=128>, int=256, int=1>>, int=4>, cutlass::transform::threadblock::PredicatedTileIterator<cutlass::MatrixShape<int=8, int=128>, float, cutlass::layout::RowMajor, int=0, cutlass::transform::PitchLinearStripminedThreadMap<cutlass::layout::PitchLinearShape<int=128, int=8>, int=256, int=1>, int=1>, cutlass::transform::threadblock::RegularTileIterator<cutlass::MatrixShape<int=8, int=128>, float, cutlass::layout::RowMajor, int=0, cutlass::transform::PitchLinearStripminedThreadMap<cutlass::layout::PitchLinearShape<int=128, int=8>, int=256, int=1>, int=4>, float, cutlass::layout::RowMajor, cutlass::gemm::threadblock::MmaPolicy<cutlass::gemm::warp::MmaSimt<cutlass::gemm::GemmShape<int=32, int=64, int=8>, float, cutlass::layout::ColumnMajor, float, cutlass::layout::RowMajor, float, cutlass::layout::RowMajor, cutlass::gemm::warp::MmaSimtPolicy<cutlass::MatrixShape<int=4, int=8>, cutlass::layout::RowMajorInterleaved<int=2>, cutlass::gemm::GemmShape<int=4, int=4, int=1>>, int=1, bool>, cutlass::MatrixShape<int=4, int=0>, cutlass::MatrixShape<int=0, int=0>, int=1>, cutlass::NumericArrayConverter<float, float, int=4, cutlass::FloatRoundStyle>, cutlass::NumericArrayConverter<float, float, int=4, cutlass::FloatRoundStyle>, bool>, cutlass::epilogue::threadblock::Epilogue<cutlass::gemm::GemmShape<int=128, int=128, int=8>, cutlass::gemm::warp::MmaSimt<cutlass::gemm::GemmShape<int=32, int=64, int=8>, float, cutlass::layout::ColumnMajor, float, cutlass::layout::RowMajor, float, cutlass::layout::RowMajor, cutlass::gemm::warp::MmaSimtPolicy<cutlass::MatrixShape<int=4, int=8>, cutlass::layout::RowMajorInterleaved<int=2>, cutlass::gemm::GemmShape<int=4, int=4, int=1>>, int=1, bool>, int=1, cutlass::epilogue::threadblock::PredicatedTileIterator<cutlass::epilogue::threadblock::OutputTileOptimalThreadMap<cutlass::epilogue::threadblock::OutputTileShape<int=128, int=1, int=4, int=4, int=1>, cutlass::epilogue::threadblock::OutputTileShape<int=1, int=4, int=2, int=1, int=8>, int=256, int=1, int=32>, float>, cutlass::epilogue::warp::FragmentIteratorSimt<cutlass::gemm::GemmShape<int=32, int=64, int=8>, cutlass::gemm::thread::Mma<cutlass::gemm::GemmShape<int=8, int=8, int=1>, float, cutlass::layout::ColumnMajor, float, cutlass::layout::RowMajor, float, cutlass::layout::RowMajor, cutlass::arch::OpMultiplyAdd, bool>, cutlass::layout::RowMajor, cutlass::gemm::warp::MmaSimtPolicy<cutlass::MatrixShape<int=4, int=8>, cutlass::layout::RowMajorInterleaved<int=2>, cutlass::gemm::GemmShape<int=4, int=4, int=1>>>, cutlass::epilogue::warp::TileIteratorSimt<cutlass::gemm::GemmShape<int=32, int=64, int=8>, cutlass::gemm::thread::Mma<cutlass::gemm::GemmShape<int=8, int=8, int=1>, float, cutlass::layout::ColumnMajor, float, cutlass::layout::RowMajor, float, cutlass::layout::RowMajor, cutlass::arch::OpMultiplyAdd, bool>, float, cutlass::layout::RowMajor, cutlass::gemm::warp::MmaSimtPolicy<cutlass::MatrixShape<int=4, int=8>, cutlass::layout::RowMajorInterleaved<int=2>, cutlass::gemm::GemmShape<int=4, int=4, int=1>>>, cutlass::epilogue::threadblock::SharedLoadIterator<cutlass::epilogue::threadblock::OutputTileOptimalThreadMap<cutlass::epilogue::threadblock::OutputTileShape<int=128, int=1, int=4, int=4, int=1>::CompactedThreadMap, cutlass::epilogue::threadblock::OutputTileShape<int=1, int=4, int=2, int=1, int=8>, int=256, int=1, int=32>, float, int=4>, cutlass::epilogue::thread::LinearCombination<float",17372
19.362243,0.001472,,,,,,,,,,112,72.562176,"Pageable","Device","Tesla V100-PCIE-32GB (0)","1","7","[CUDA memcpy HtoD]",17392
19.362931,0.020224,2048,1,1,384,1,1,16,0.000000,0.000000,,,,,"Tesla V100-PCIE-32GB (0)","1","7","void scal_kernel_val<double, double>(cublasScalParamsVal<double, double>)",17506
19.363368,39.091596,6,3528,1,256,1,1,124,0.000000,16.250000,,,,,"Tesla V100-PCIE-32GB (0)","1","7","void cutlass::Kernel<cutlass::gemm::kernel::Gemm<cutlass::gemm::threadblock::MmaPipelined<cutlass::gemm::GemmShape<int=128, int=128, int=8>, cutlass::transform::threadblock::PredicatedTileIterator<cutlass::MatrixShape<int=128, int=8>, float, cutlass::layout::RowMajor, int=1, cutlass::transform::PitchLinearStripminedThreadMap<cutlass::layout::PitchLinearShape<int=8, int=128>, int=256, int=1>, int=1>, cutlass::transform::threadblock::RegularTileIterator<cutlass::MatrixShape<int=128, int=8>, float, cutlass::layout::ColumnMajor, int=1, cutlass::transform::TransposePitchLinearThreadMapSimt<cutlass::transform::PitchLinearStripminedThreadMap<cutlass::layout::PitchLinearShape<int=8, int=128>, int=256, int=1>>, int=4>, cutlass::transform::threadblock::PredicatedTileIterator<cutlass::MatrixShape<int=8, int=128>, float, cutlass::layout::RowMajor, int=0, cutlass::transform::PitchLinearStripminedThreadMap<cutlass::layout::PitchLinearShape<int=128, int=8>, int=256, int=1>, int=1>, cutlass::transform::threadblock::RegularTileIterator<cutlass::MatrixShape<int=8, int=128>, float, cutlass::layout::RowMajor, int=0, cutlass::transform::PitchLinearStripminedThreadMap<cutlass::layout::PitchLinearShape<int=128, int=8>, int=256, int=1>, int=4>, float, cutlass::layout::RowMajor, cutlass::gemm::threadblock::MmaPolicy<cutlass::gemm::warp::MmaSimt<cutlass::gemm::GemmShape<int=32, int=64, int=8>, float, cutlass::layout::ColumnMajor, float, cutlass::layout::RowMajor, float, cutlass::layout::RowMajor, cutlass::gemm::warp::MmaSimtPolicy<cutlass::MatrixShape<int=4, int=8>, cutlass::layout::RowMajorInterleaved<int=2>, cutlass::gemm::GemmShape<int=4, int=4, int=1>>, int=1, bool>, cutlass::MatrixShape<int=4, int=0>, cutlass::MatrixShape<int=0, int=0>, int=1>, cutlass::NumericArrayConverter<float, float, int=4, cutlass::FloatRoundStyle>, cutlass::NumericArrayConverter<float, float, int=4, cutlass::FloatRoundStyle>, bool>, cutlass::epilogue::threadblock::Epilogue<cutlass::gemm::GemmShape<int=128, int=128, int=8>, cutlass::gemm::warp::MmaSimt<cutlass::gemm::GemmShape<int=32, int=64, int=8>, float, cutlass::layout::ColumnMajor, float, cutlass::layout::RowMajor, float, cutlass::layout::RowMajor, cutlass::gemm::warp::MmaSimtPolicy<cutlass::MatrixShape<int=4, int=8>, cutlass::layout::RowMajorInterleaved<int=2>, cutlass::gemm::GemmShape<int=4, int=4, int=1>>, int=1, bool>, int=1, cutlass::epilogue::threadblock::PredicatedTileIterator<cutlass::epilogue::threadblock::OutputTileOptimalThreadMap<cutlass::epilogue::threadblock::OutputTileShape<int=128, int=1, int=4, int=4, int=1>, cutlass::epilogue::threadblock::OutputTileShape<int=1, int=4, int=2, int=1, int=8>, int=256, int=1, int=32>, float>, cutlass::epilogue::warp::FragmentIteratorSimt<cutlass::gemm::GemmShape<int=32, int=64, int=8>, cutlass::gemm::thread::Mma<cutlass::gemm::GemmShape<int=8, int=8, int=1>, float, cutlass::layout::ColumnMajor, float, cutlass::layout::RowMajor, float, cutlass::layout::RowMajor, cutlass::arch::OpMultiplyAdd, bool>, cutlass::layout::RowMajor, cutlass::gemm::warp::MmaSimtPolicy<cutlass::MatrixShape<int=4, int=8>, cutlass::layout::RowMajorInterleaved<int=2>, cutlass::gemm::GemmShape<int=4, int=4, int=1>>>, cutlass::epilogue::warp::TileIteratorSimt<cutlass::gemm::GemmShape<int=32, int=64, int=8>, cutlass::gemm::thread::Mma<cutlass::gemm::GemmShape<int=8, int=8, int=1>, float, cutlass::layout::ColumnMajor, float, cutlass::layout::RowMajor, float, cutlass::layout::RowMajor, cutlass::arch::OpMultiplyAdd, bool>, float, cutlass::layout::RowMajor, cutlass::gemm::warp::MmaSimtPolicy<cutlass::MatrixShape<int=4, int=8>, cutlass::layout::RowMajorInterleaved<int=2>, cutlass::gemm::GemmShape<int=4, int=4, int=1>>>, cutlass::epilogue::threadblock::SharedLoadIterator<cutlass::epilogue::threadblock::OutputTileOptimalThreadMap<cutlass::epilogue::threadblock::OutputTileShape<int=128, int=1, int=4, int=4, int=1>::CompactedThreadMap, cutlass::epilogue::threadblock::OutputTileShape<int=1, int=4, int=2, int=1, int=8>, int=256, int=1, int=32>, float, int=4>, cutlass::epilogue::thread::LinearCombination<float",17535
19.402468,0.001472,,,,,,,,,,112,72.562176,"Pageable","Device","Tesla V100-PCIE-32GB (0)","1","7","[CUDA memcpy HtoD]",17555
19.403139,0.020032,2048,1,1,384,1,1,16,0.000000,0.000000,,,,,"Tesla V100-PCIE-32GB (0)","1","7","void scal_kernel_val<double, double>(cublasScalParamsVal<double, double>)",17669
19.403575,39.079725,6,3528,1,256,1,1,124,0.000000,16.250000,,,,,"Tesla V100-PCIE-32GB (0)","1","7","void cutlass::Kernel<cutlass::gemm::kernel::Gemm<cutlass::gemm::threadblock::MmaPipelined<cutlass::gemm::GemmShape<int=128, int=128, int=8>, cutlass::transform::threadblock::PredicatedTileIterator<cutlass::MatrixShape<int=128, int=8>, float, cutlass::layout::RowMajor, int=1, cutlass::transform::PitchLinearStripminedThreadMap<cutlass::layout::PitchLinearShape<int=8, int=128>, int=256, int=1>, int=1>, cutlass::transform::threadblock::RegularTileIterator<cutlass::MatrixShape<int=128, int=8>, float, cutlass::layout::ColumnMajor, int=1, cutlass::transform::TransposePitchLinearThreadMapSimt<cutlass::transform::PitchLinearStripminedThreadMap<cutlass::layout::PitchLinearShape<int=8, int=128>, int=256, int=1>>, int=4>, cutlass::transform::threadblock::PredicatedTileIterator<cutlass::MatrixShape<int=8, int=128>, float, cutlass::layout::RowMajor, int=0, cutlass::transform::PitchLinearStripminedThreadMap<cutlass::layout::PitchLinearShape<int=128, int=8>, int=256, int=1>, int=1>, cutlass::transform::threadblock::RegularTileIterator<cutlass::MatrixShape<int=8, int=128>, float, cutlass::layout::RowMajor, int=0, cutlass::transform::PitchLinearStripminedThreadMap<cutlass::layout::PitchLinearShape<int=128, int=8>, int=256, int=1>, int=4>, float, cutlass::layout::RowMajor, cutlass::gemm::threadblock::MmaPolicy<cutlass::gemm::warp::MmaSimt<cutlass::gemm::GemmShape<int=32, int=64, int=8>, float, cutlass::layout::ColumnMajor, float, cutlass::layout::RowMajor, float, cutlass::layout::RowMajor, cutlass::gemm::warp::MmaSimtPolicy<cutlass::MatrixShape<int=4, int=8>, cutlass::layout::RowMajorInterleaved<int=2>, cutlass::gemm::GemmShape<int=4, int=4, int=1>>, int=1, bool>, cutlass::MatrixShape<int=4, int=0>, cutlass::MatrixShape<int=0, int=0>, int=1>, cutlass::NumericArrayConverter<float, float, int=4, cutlass::FloatRoundStyle>, cutlass::NumericArrayConverter<float, float, int=4, cutlass::FloatRoundStyle>, bool>, cutlass::epilogue::threadblock::Epilogue<cutlass::gemm::GemmShape<int=128, int=128, int=8>, cutlass::gemm::warp::MmaSimt<cutlass::gemm::GemmShape<int=32, int=64, int=8>, float, cutlass::layout::ColumnMajor, float, cutlass::layout::RowMajor, float, cutlass::layout::RowMajor, cutlass::gemm::warp::MmaSimtPolicy<cutlass::MatrixShape<int=4, int=8>, cutlass::layout::RowMajorInterleaved<int=2>, cutlass::gemm::GemmShape<int=4, int=4, int=1>>, int=1, bool>, int=1, cutlass::epilogue::threadblock::PredicatedTileIterator<cutlass::epilogue::threadblock::OutputTileOptimalThreadMap<cutlass::epilogue::threadblock::OutputTileShape<int=128, int=1, int=4, int=4, int=1>, cutlass::epilogue::threadblock::OutputTileShape<int=1, int=4, int=2, int=1, int=8>, int=256, int=1, int=32>, float>, cutlass::epilogue::warp::FragmentIteratorSimt<cutlass::gemm::GemmShape<int=32, int=64, int=8>, cutlass::gemm::thread::Mma<cutlass::gemm::GemmShape<int=8, int=8, int=1>, float, cutlass::layout::ColumnMajor, float, cutlass::layout::RowMajor, float, cutlass::layout::RowMajor, cutlass::arch::OpMultiplyAdd, bool>, cutlass::layout::RowMajor, cutlass::gemm::warp::MmaSimtPolicy<cutlass::MatrixShape<int=4, int=8>, cutlass::layout::RowMajorInterleaved<int=2>, cutlass::gemm::GemmShape<int=4, int=4, int=1>>>, cutlass::epilogue::warp::TileIteratorSimt<cutlass::gemm::GemmShape<int=32, int=64, int=8>, cutlass::gemm::thread::Mma<cutlass::gemm::GemmShape<int=8, int=8, int=1>, float, cutlass::layout::ColumnMajor, float, cutlass::layout::RowMajor, float, cutlass::layout::RowMajor, cutlass::arch::OpMultiplyAdd, bool>, float, cutlass::layout::RowMajor, cutlass::gemm::warp::MmaSimtPolicy<cutlass::MatrixShape<int=4, int=8>, cutlass::layout::RowMajorInterleaved<int=2>, cutlass::gemm::GemmShape<int=4, int=4, int=1>>>, cutlass::epilogue::threadblock::SharedLoadIterator<cutlass::epilogue::threadblock::OutputTileOptimalThreadMap<cutlass::epilogue::threadblock::OutputTileShape<int=128, int=1, int=4, int=4, int=1>::CompactedThreadMap, cutlass::epilogue::threadblock::OutputTileShape<int=1, int=4, int=2, int=1, int=8>, int=256, int=1, int=32>, float, int=4>, cutlass::epilogue::thread::LinearCombination<float",17698
19.442664,0.001568,,,,,,,,,,112,68.119594,"Pageable","Device","Tesla V100-PCIE-32GB (0)","1","7","[CUDA memcpy HtoD]",17718
19.443343,0.020064,2048,1,1,384,1,1,16,0.000000,0.000000,,,,,"Tesla V100-PCIE-32GB (0)","1","7","void scal_kernel_val<double, double>(cublasScalParamsVal<double, double>)",17832
19.443757,39.074253,6,3528,1,256,1,1,124,0.000000,16.250000,,,,,"Tesla V100-PCIE-32GB (0)","1","7","void cutlass::Kernel<cutlass::gemm::kernel::Gemm<cutlass::gemm::threadblock::MmaPipelined<cutlass::gemm::GemmShape<int=128, int=128, int=8>, cutlass::transform::threadblock::PredicatedTileIterator<cutlass::MatrixShape<int=128, int=8>, float, cutlass::layout::RowMajor, int=1, cutlass::transform::PitchLinearStripminedThreadMap<cutlass::layout::PitchLinearShape<int=8, int=128>, int=256, int=1>, int=1>, cutlass::transform::threadblock::RegularTileIterator<cutlass::MatrixShape<int=128, int=8>, float, cutlass::layout::ColumnMajor, int=1, cutlass::transform::TransposePitchLinearThreadMapSimt<cutlass::transform::PitchLinearStripminedThreadMap<cutlass::layout::PitchLinearShape<int=8, int=128>, int=256, int=1>>, int=4>, cutlass::transform::threadblock::PredicatedTileIterator<cutlass::MatrixShape<int=8, int=128>, float, cutlass::layout::RowMajor, int=0, cutlass::transform::PitchLinearStripminedThreadMap<cutlass::layout::PitchLinearShape<int=128, int=8>, int=256, int=1>, int=1>, cutlass::transform::threadblock::RegularTileIterator<cutlass::MatrixShape<int=8, int=128>, float, cutlass::layout::RowMajor, int=0, cutlass::transform::PitchLinearStripminedThreadMap<cutlass::layout::PitchLinearShape<int=128, int=8>, int=256, int=1>, int=4>, float, cutlass::layout::RowMajor, cutlass::gemm::threadblock::MmaPolicy<cutlass::gemm::warp::MmaSimt<cutlass::gemm::GemmShape<int=32, int=64, int=8>, float, cutlass::layout::ColumnMajor, float, cutlass::layout::RowMajor, float, cutlass::layout::RowMajor, cutlass::gemm::warp::MmaSimtPolicy<cutlass::MatrixShape<int=4, int=8>, cutlass::layout::RowMajorInterleaved<int=2>, cutlass::gemm::GemmShape<int=4, int=4, int=1>>, int=1, bool>, cutlass::MatrixShape<int=4, int=0>, cutlass::MatrixShape<int=0, int=0>, int=1>, cutlass::NumericArrayConverter<float, float, int=4, cutlass::FloatRoundStyle>, cutlass::NumericArrayConverter<float, float, int=4, cutlass::FloatRoundStyle>, bool>, cutlass::epilogue::threadblock::Epilogue<cutlass::gemm::GemmShape<int=128, int=128, int=8>, cutlass::gemm::warp::MmaSimt<cutlass::gemm::GemmShape<int=32, int=64, int=8>, float, cutlass::layout::ColumnMajor, float, cutlass::layout::RowMajor, float, cutlass::layout::RowMajor, cutlass::gemm::warp::MmaSimtPolicy<cutlass::MatrixShape<int=4, int=8>, cutlass::layout::RowMajorInterleaved<int=2>, cutlass::gemm::GemmShape<int=4, int=4, int=1>>, int=1, bool>, int=1, cutlass::epilogue::threadblock::PredicatedTileIterator<cutlass::epilogue::threadblock::OutputTileOptimalThreadMap<cutlass::epilogue::threadblock::OutputTileShape<int=128, int=1, int=4, int=4, int=1>, cutlass::epilogue::threadblock::OutputTileShape<int=1, int=4, int=2, int=1, int=8>, int=256, int=1, int=32>, float>, cutlass::epilogue::warp::FragmentIteratorSimt<cutlass::gemm::GemmShape<int=32, int=64, int=8>, cutlass::gemm::thread::Mma<cutlass::gemm::GemmShape<int=8, int=8, int=1>, float, cutlass::layout::ColumnMajor, float, cutlass::layout::RowMajor, float, cutlass::layout::RowMajor, cutlass::arch::OpMultiplyAdd, bool>, cutlass::layout::RowMajor, cutlass::gemm::warp::MmaSimtPolicy<cutlass::MatrixShape<int=4, int=8>, cutlass::layout::RowMajorInterleaved<int=2>, cutlass::gemm::GemmShape<int=4, int=4, int=1>>>, cutlass::epilogue::warp::TileIteratorSimt<cutlass::gemm::GemmShape<int=32, int=64, int=8>, cutlass::gemm::thread::Mma<cutlass::gemm::GemmShape<int=8, int=8, int=1>, float, cutlass::layout::ColumnMajor, float, cutlass::layout::RowMajor, float, cutlass::layout::RowMajor, cutlass::arch::OpMultiplyAdd, bool>, float, cutlass::layout::RowMajor, cutlass::gemm::warp::MmaSimtPolicy<cutlass::MatrixShape<int=4, int=8>, cutlass::layout::RowMajorInterleaved<int=2>, cutlass::gemm::GemmShape<int=4, int=4, int=1>>>, cutlass::epilogue::threadblock::SharedLoadIterator<cutlass::epilogue::threadblock::OutputTileOptimalThreadMap<cutlass::epilogue::threadblock::OutputTileShape<int=128, int=1, int=4, int=4, int=1>::CompactedThreadMap, cutlass::epilogue::threadblock::OutputTileShape<int=1, int=4, int=2, int=1, int=8>, int=256, int=1, int=32>, float, int=4>, cutlass::epilogue::thread::LinearCombination<float",17861
19.482840,0.001472,,,,,,,,,,112,72.562176,"Pageable","Device","Tesla V100-PCIE-32GB (0)","1","7","[CUDA memcpy HtoD]",17881
19.483524,0.020064,2048,1,1,384,1,1,16,0.000000,0.000000,,,,,"Tesla V100-PCIE-32GB (0)","1","7","void scal_kernel_val<double, double>(cublasScalParamsVal<double, double>)",17995
19.483954,39.076525,6,3528,1,256,1,1,124,0.000000,16.250000,,,,,"Tesla V100-PCIE-32GB (0)","1","7","void cutlass::Kernel<cutlass::gemm::kernel::Gemm<cutlass::gemm::threadblock::MmaPipelined<cutlass::gemm::GemmShape<int=128, int=128, int=8>, cutlass::transform::threadblock::PredicatedTileIterator<cutlass::MatrixShape<int=128, int=8>, float, cutlass::layout::RowMajor, int=1, cutlass::transform::PitchLinearStripminedThreadMap<cutlass::layout::PitchLinearShape<int=8, int=128>, int=256, int=1>, int=1>, cutlass::transform::threadblock::RegularTileIterator<cutlass::MatrixShape<int=128, int=8>, float, cutlass::layout::ColumnMajor, int=1, cutlass::transform::TransposePitchLinearThreadMapSimt<cutlass::transform::PitchLinearStripminedThreadMap<cutlass::layout::PitchLinearShape<int=8, int=128>, int=256, int=1>>, int=4>, cutlass::transform::threadblock::PredicatedTileIterator<cutlass::MatrixShape<int=8, int=128>, float, cutlass::layout::RowMajor, int=0, cutlass::transform::PitchLinearStripminedThreadMap<cutlass::layout::PitchLinearShape<int=128, int=8>, int=256, int=1>, int=1>, cutlass::transform::threadblock::RegularTileIterator<cutlass::MatrixShape<int=8, int=128>, float, cutlass::layout::RowMajor, int=0, cutlass::transform::PitchLinearStripminedThreadMap<cutlass::layout::PitchLinearShape<int=128, int=8>, int=256, int=1>, int=4>, float, cutlass::layout::RowMajor, cutlass::gemm::threadblock::MmaPolicy<cutlass::gemm::warp::MmaSimt<cutlass::gemm::GemmShape<int=32, int=64, int=8>, float, cutlass::layout::ColumnMajor, float, cutlass::layout::RowMajor, float, cutlass::layout::RowMajor, cutlass::gemm::warp::MmaSimtPolicy<cutlass::MatrixShape<int=4, int=8>, cutlass::layout::RowMajorInterleaved<int=2>, cutlass::gemm::GemmShape<int=4, int=4, int=1>>, int=1, bool>, cutlass::MatrixShape<int=4, int=0>, cutlass::MatrixShape<int=0, int=0>, int=1>, cutlass::NumericArrayConverter<float, float, int=4, cutlass::FloatRoundStyle>, cutlass::NumericArrayConverter<float, float, int=4, cutlass::FloatRoundStyle>, bool>, cutlass::epilogue::threadblock::Epilogue<cutlass::gemm::GemmShape<int=128, int=128, int=8>, cutlass::gemm::warp::MmaSimt<cutlass::gemm::GemmShape<int=32, int=64, int=8>, float, cutlass::layout::ColumnMajor, float, cutlass::layout::RowMajor, float, cutlass::layout::RowMajor, cutlass::gemm::warp::MmaSimtPolicy<cutlass::MatrixShape<int=4, int=8>, cutlass::layout::RowMajorInterleaved<int=2>, cutlass::gemm::GemmShape<int=4, int=4, int=1>>, int=1, bool>, int=1, cutlass::epilogue::threadblock::PredicatedTileIterator<cutlass::epilogue::threadblock::OutputTileOptimalThreadMap<cutlass::epilogue::threadblock::OutputTileShape<int=128, int=1, int=4, int=4, int=1>, cutlass::epilogue::threadblock::OutputTileShape<int=1, int=4, int=2, int=1, int=8>, int=256, int=1, int=32>, float>, cutlass::epilogue::warp::FragmentIteratorSimt<cutlass::gemm::GemmShape<int=32, int=64, int=8>, cutlass::gemm::thread::Mma<cutlass::gemm::GemmShape<int=8, int=8, int=1>, float, cutlass::layout::ColumnMajor, float, cutlass::layout::RowMajor, float, cutlass::layout::RowMajor, cutlass::arch::OpMultiplyAdd, bool>, cutlass::layout::RowMajor, cutlass::gemm::warp::MmaSimtPolicy<cutlass::MatrixShape<int=4, int=8>, cutlass::layout::RowMajorInterleaved<int=2>, cutlass::gemm::GemmShape<int=4, int=4, int=1>>>, cutlass::epilogue::warp::TileIteratorSimt<cutlass::gemm::GemmShape<int=32, int=64, int=8>, cutlass::gemm::thread::Mma<cutlass::gemm::GemmShape<int=8, int=8, int=1>, float, cutlass::layout::ColumnMajor, float, cutlass::layout::RowMajor, float, cutlass::layout::RowMajor, cutlass::arch::OpMultiplyAdd, bool>, float, cutlass::layout::RowMajor, cutlass::gemm::warp::MmaSimtPolicy<cutlass::MatrixShape<int=4, int=8>, cutlass::layout::RowMajorInterleaved<int=2>, cutlass::gemm::GemmShape<int=4, int=4, int=1>>>, cutlass::epilogue::threadblock::SharedLoadIterator<cutlass::epilogue::threadblock::OutputTileOptimalThreadMap<cutlass::epilogue::threadblock::OutputTileShape<int=128, int=1, int=4, int=4, int=1>::CompactedThreadMap, cutlass::epilogue::threadblock::OutputTileShape<int=1, int=4, int=2, int=1, int=8>, int=256, int=1, int=32>, float, int=4>, cutlass::epilogue::thread::LinearCombination<float",18024
19.523039,0.001472,,,,,,,,,,112,72.562176,"Pageable","Device","Tesla V100-PCIE-32GB (0)","1","7","[CUDA memcpy HtoD]",18044
19.523704,0.021088,2048,1,1,384,1,1,16,0.000000,0.000000,,,,,"Tesla V100-PCIE-32GB (0)","1","7","void scal_kernel_val<double, double>(cublasScalParamsVal<double, double>)",18158
19.524134,39.069869,6,3528,1,256,1,1,124,0.000000,16.250000,,,,,"Tesla V100-PCIE-32GB (0)","1","7","void cutlass::Kernel<cutlass::gemm::kernel::Gemm<cutlass::gemm::threadblock::MmaPipelined<cutlass::gemm::GemmShape<int=128, int=128, int=8>, cutlass::transform::threadblock::PredicatedTileIterator<cutlass::MatrixShape<int=128, int=8>, float, cutlass::layout::RowMajor, int=1, cutlass::transform::PitchLinearStripminedThreadMap<cutlass::layout::PitchLinearShape<int=8, int=128>, int=256, int=1>, int=1>, cutlass::transform::threadblock::RegularTileIterator<cutlass::MatrixShape<int=128, int=8>, float, cutlass::layout::ColumnMajor, int=1, cutlass::transform::TransposePitchLinearThreadMapSimt<cutlass::transform::PitchLinearStripminedThreadMap<cutlass::layout::PitchLinearShape<int=8, int=128>, int=256, int=1>>, int=4>, cutlass::transform::threadblock::PredicatedTileIterator<cutlass::MatrixShape<int=8, int=128>, float, cutlass::layout::RowMajor, int=0, cutlass::transform::PitchLinearStripminedThreadMap<cutlass::layout::PitchLinearShape<int=128, int=8>, int=256, int=1>, int=1>, cutlass::transform::threadblock::RegularTileIterator<cutlass::MatrixShape<int=8, int=128>, float, cutlass::layout::RowMajor, int=0, cutlass::transform::PitchLinearStripminedThreadMap<cutlass::layout::PitchLinearShape<int=128, int=8>, int=256, int=1>, int=4>, float, cutlass::layout::RowMajor, cutlass::gemm::threadblock::MmaPolicy<cutlass::gemm::warp::MmaSimt<cutlass::gemm::GemmShape<int=32, int=64, int=8>, float, cutlass::layout::ColumnMajor, float, cutlass::layout::RowMajor, float, cutlass::layout::RowMajor, cutlass::gemm::warp::MmaSimtPolicy<cutlass::MatrixShape<int=4, int=8>, cutlass::layout::RowMajorInterleaved<int=2>, cutlass::gemm::GemmShape<int=4, int=4, int=1>>, int=1, bool>, cutlass::MatrixShape<int=4, int=0>, cutlass::MatrixShape<int=0, int=0>, int=1>, cutlass::NumericArrayConverter<float, float, int=4, cutlass::FloatRoundStyle>, cutlass::NumericArrayConverter<float, float, int=4, cutlass::FloatRoundStyle>, bool>, cutlass::epilogue::threadblock::Epilogue<cutlass::gemm::GemmShape<int=128, int=128, int=8>, cutlass::gemm::warp::MmaSimt<cutlass::gemm::GemmShape<int=32, int=64, int=8>, float, cutlass::layout::ColumnMajor, float, cutlass::layout::RowMajor, float, cutlass::layout::RowMajor, cutlass::gemm::warp::MmaSimtPolicy<cutlass::MatrixShape<int=4, int=8>, cutlass::layout::RowMajorInterleaved<int=2>, cutlass::gemm::GemmShape<int=4, int=4, int=1>>, int=1, bool>, int=1, cutlass::epilogue::threadblock::PredicatedTileIterator<cutlass::epilogue::threadblock::OutputTileOptimalThreadMap<cutlass::epilogue::threadblock::OutputTileShape<int=128, int=1, int=4, int=4, int=1>, cutlass::epilogue::threadblock::OutputTileShape<int=1, int=4, int=2, int=1, int=8>, int=256, int=1, int=32>, float>, cutlass::epilogue::warp::FragmentIteratorSimt<cutlass::gemm::GemmShape<int=32, int=64, int=8>, cutlass::gemm::thread::Mma<cutlass::gemm::GemmShape<int=8, int=8, int=1>, float, cutlass::layout::ColumnMajor, float, cutlass::layout::RowMajor, float, cutlass::layout::RowMajor, cutlass::arch::OpMultiplyAdd, bool>, cutlass::layout::RowMajor, cutlass::gemm::warp::MmaSimtPolicy<cutlass::MatrixShape<int=4, int=8>, cutlass::layout::RowMajorInterleaved<int=2>, cutlass::gemm::GemmShape<int=4, int=4, int=1>>>, cutlass::epilogue::warp::TileIteratorSimt<cutlass::gemm::GemmShape<int=32, int=64, int=8>, cutlass::gemm::thread::Mma<cutlass::gemm::GemmShape<int=8, int=8, int=1>, float, cutlass::layout::ColumnMajor, float, cutlass::layout::RowMajor, float, cutlass::layout::RowMajor, cutlass::arch::OpMultiplyAdd, bool>, float, cutlass::layout::RowMajor, cutlass::gemm::warp::MmaSimtPolicy<cutlass::MatrixShape<int=4, int=8>, cutlass::layout::RowMajorInterleaved<int=2>, cutlass::gemm::GemmShape<int=4, int=4, int=1>>>, cutlass::epilogue::threadblock::SharedLoadIterator<cutlass::epilogue::threadblock::OutputTileOptimalThreadMap<cutlass::epilogue::threadblock::OutputTileShape<int=128, int=1, int=4, int=4, int=1>::CompactedThreadMap, cutlass::epilogue::threadblock::OutputTileShape<int=1, int=4, int=2, int=1, int=8>, int=256, int=1, int=32>, float, int=4>, cutlass::epilogue::thread::LinearCombination<float",18187
19.563217,0.001504,,,,,,,,,,112,71.018300,"Pageable","Device","Tesla V100-PCIE-32GB (0)","1","7","[CUDA memcpy HtoD]",18207
19.563888,0.021120,2048,1,1,384,1,1,16,0.000000,0.000000,,,,,"Tesla V100-PCIE-32GB (0)","1","7","void scal_kernel_val<double, double>(cublasScalParamsVal<double, double>)",18321
19.564323,39.079469,6,3528,1,256,1,1,124,0.000000,16.250000,,,,,"Tesla V100-PCIE-32GB (0)","1","7","void cutlass::Kernel<cutlass::gemm::kernel::Gemm<cutlass::gemm::threadblock::MmaPipelined<cutlass::gemm::GemmShape<int=128, int=128, int=8>, cutlass::transform::threadblock::PredicatedTileIterator<cutlass::MatrixShape<int=128, int=8>, float, cutlass::layout::RowMajor, int=1, cutlass::transform::PitchLinearStripminedThreadMap<cutlass::layout::PitchLinearShape<int=8, int=128>, int=256, int=1>, int=1>, cutlass::transform::threadblock::RegularTileIterator<cutlass::MatrixShape<int=128, int=8>, float, cutlass::layout::ColumnMajor, int=1, cutlass::transform::TransposePitchLinearThreadMapSimt<cutlass::transform::PitchLinearStripminedThreadMap<cutlass::layout::PitchLinearShape<int=8, int=128>, int=256, int=1>>, int=4>, cutlass::transform::threadblock::PredicatedTileIterator<cutlass::MatrixShape<int=8, int=128>, float, cutlass::layout::RowMajor, int=0, cutlass::transform::PitchLinearStripminedThreadMap<cutlass::layout::PitchLinearShape<int=128, int=8>, int=256, int=1>, int=1>, cutlass::transform::threadblock::RegularTileIterator<cutlass::MatrixShape<int=8, int=128>, float, cutlass::layout::RowMajor, int=0, cutlass::transform::PitchLinearStripminedThreadMap<cutlass::layout::PitchLinearShape<int=128, int=8>, int=256, int=1>, int=4>, float, cutlass::layout::RowMajor, cutlass::gemm::threadblock::MmaPolicy<cutlass::gemm::warp::MmaSimt<cutlass::gemm::GemmShape<int=32, int=64, int=8>, float, cutlass::layout::ColumnMajor, float, cutlass::layout::RowMajor, float, cutlass::layout::RowMajor, cutlass::gemm::warp::MmaSimtPolicy<cutlass::MatrixShape<int=4, int=8>, cutlass::layout::RowMajorInterleaved<int=2>, cutlass::gemm::GemmShape<int=4, int=4, int=1>>, int=1, bool>, cutlass::MatrixShape<int=4, int=0>, cutlass::MatrixShape<int=0, int=0>, int=1>, cutlass::NumericArrayConverter<float, float, int=4, cutlass::FloatRoundStyle>, cutlass::NumericArrayConverter<float, float, int=4, cutlass::FloatRoundStyle>, bool>, cutlass::epilogue::threadblock::Epilogue<cutlass::gemm::GemmShape<int=128, int=128, int=8>, cutlass::gemm::warp::MmaSimt<cutlass::gemm::GemmShape<int=32, int=64, int=8>, float, cutlass::layout::ColumnMajor, float, cutlass::layout::RowMajor, float, cutlass::layout::RowMajor, cutlass::gemm::warp::MmaSimtPolicy<cutlass::MatrixShape<int=4, int=8>, cutlass::layout::RowMajorInterleaved<int=2>, cutlass::gemm::GemmShape<int=4, int=4, int=1>>, int=1, bool>, int=1, cutlass::epilogue::threadblock::PredicatedTileIterator<cutlass::epilogue::threadblock::OutputTileOptimalThreadMap<cutlass::epilogue::threadblock::OutputTileShape<int=128, int=1, int=4, int=4, int=1>, cutlass::epilogue::threadblock::OutputTileShape<int=1, int=4, int=2, int=1, int=8>, int=256, int=1, int=32>, float>, cutlass::epilogue::warp::FragmentIteratorSimt<cutlass::gemm::GemmShape<int=32, int=64, int=8>, cutlass::gemm::thread::Mma<cutlass::gemm::GemmShape<int=8, int=8, int=1>, float, cutlass::layout::ColumnMajor, float, cutlass::layout::RowMajor, float, cutlass::layout::RowMajor, cutlass::arch::OpMultiplyAdd, bool>, cutlass::layout::RowMajor, cutlass::gemm::warp::MmaSimtPolicy<cutlass::MatrixShape<int=4, int=8>, cutlass::layout::RowMajorInterleaved<int=2>, cutlass::gemm::GemmShape<int=4, int=4, int=1>>>, cutlass::epilogue::warp::TileIteratorSimt<cutlass::gemm::GemmShape<int=32, int=64, int=8>, cutlass::gemm::thread::Mma<cutlass::gemm::GemmShape<int=8, int=8, int=1>, float, cutlass::layout::ColumnMajor, float, cutlass::layout::RowMajor, float, cutlass::layout::RowMajor, cutlass::arch::OpMultiplyAdd, bool>, float, cutlass::layout::RowMajor, cutlass::gemm::warp::MmaSimtPolicy<cutlass::MatrixShape<int=4, int=8>, cutlass::layout::RowMajorInterleaved<int=2>, cutlass::gemm::GemmShape<int=4, int=4, int=1>>>, cutlass::epilogue::threadblock::SharedLoadIterator<cutlass::epilogue::threadblock::OutputTileOptimalThreadMap<cutlass::epilogue::threadblock::OutputTileShape<int=128, int=1, int=4, int=4, int=1>::CompactedThreadMap, cutlass::epilogue::threadblock::OutputTileShape<int=1, int=4, int=2, int=1, int=8>, int=256, int=1, int=32>, float, int=4>, cutlass::epilogue::thread::LinearCombination<float",18350
19.603412,0.001472,,,,,,,,,,112,72.562176,"Pageable","Device","Tesla V100-PCIE-32GB (0)","1","7","[CUDA memcpy HtoD]",18370
19.604080,0.020543,2048,1,1,384,1,1,16,0.000000,0.000000,,,,,"Tesla V100-PCIE-32GB (0)","1","7","void scal_kernel_val<double, double>(cublasScalParamsVal<double, double>)",18484
19.604518,39.077869,6,3528,1,256,1,1,124,0.000000,16.250000,,,,,"Tesla V100-PCIE-32GB (0)","1","7","void cutlass::Kernel<cutlass::gemm::kernel::Gemm<cutlass::gemm::threadblock::MmaPipelined<cutlass::gemm::GemmShape<int=128, int=128, int=8>, cutlass::transform::threadblock::PredicatedTileIterator<cutlass::MatrixShape<int=128, int=8>, float, cutlass::layout::RowMajor, int=1, cutlass::transform::PitchLinearStripminedThreadMap<cutlass::layout::PitchLinearShape<int=8, int=128>, int=256, int=1>, int=1>, cutlass::transform::threadblock::RegularTileIterator<cutlass::MatrixShape<int=128, int=8>, float, cutlass::layout::ColumnMajor, int=1, cutlass::transform::TransposePitchLinearThreadMapSimt<cutlass::transform::PitchLinearStripminedThreadMap<cutlass::layout::PitchLinearShape<int=8, int=128>, int=256, int=1>>, int=4>, cutlass::transform::threadblock::PredicatedTileIterator<cutlass::MatrixShape<int=8, int=128>, float, cutlass::layout::RowMajor, int=0, cutlass::transform::PitchLinearStripminedThreadMap<cutlass::layout::PitchLinearShape<int=128, int=8>, int=256, int=1>, int=1>, cutlass::transform::threadblock::RegularTileIterator<cutlass::MatrixShape<int=8, int=128>, float, cutlass::layout::RowMajor, int=0, cutlass::transform::PitchLinearStripminedThreadMap<cutlass::layout::PitchLinearShape<int=128, int=8>, int=256, int=1>, int=4>, float, cutlass::layout::RowMajor, cutlass::gemm::threadblock::MmaPolicy<cutlass::gemm::warp::MmaSimt<cutlass::gemm::GemmShape<int=32, int=64, int=8>, float, cutlass::layout::ColumnMajor, float, cutlass::layout::RowMajor, float, cutlass::layout::RowMajor, cutlass::gemm::warp::MmaSimtPolicy<cutlass::MatrixShape<int=4, int=8>, cutlass::layout::RowMajorInterleaved<int=2>, cutlass::gemm::GemmShape<int=4, int=4, int=1>>, int=1, bool>, cutlass::MatrixShape<int=4, int=0>, cutlass::MatrixShape<int=0, int=0>, int=1>, cutlass::NumericArrayConverter<float, float, int=4, cutlass::FloatRoundStyle>, cutlass::NumericArrayConverter<float, float, int=4, cutlass::FloatRoundStyle>, bool>, cutlass::epilogue::threadblock::Epilogue<cutlass::gemm::GemmShape<int=128, int=128, int=8>, cutlass::gemm::warp::MmaSimt<cutlass::gemm::GemmShape<int=32, int=64, int=8>, float, cutlass::layout::ColumnMajor, float, cutlass::layout::RowMajor, float, cutlass::layout::RowMajor, cutlass::gemm::warp::MmaSimtPolicy<cutlass::MatrixShape<int=4, int=8>, cutlass::layout::RowMajorInterleaved<int=2>, cutlass::gemm::GemmShape<int=4, int=4, int=1>>, int=1, bool>, int=1, cutlass::epilogue::threadblock::PredicatedTileIterator<cutlass::epilogue::threadblock::OutputTileOptimalThreadMap<cutlass::epilogue::threadblock::OutputTileShape<int=128, int=1, int=4, int=4, int=1>, cutlass::epilogue::threadblock::OutputTileShape<int=1, int=4, int=2, int=1, int=8>, int=256, int=1, int=32>, float>, cutlass::epilogue::warp::FragmentIteratorSimt<cutlass::gemm::GemmShape<int=32, int=64, int=8>, cutlass::gemm::thread::Mma<cutlass::gemm::GemmShape<int=8, int=8, int=1>, float, cutlass::layout::ColumnMajor, float, cutlass::layout::RowMajor, float, cutlass::layout::RowMajor, cutlass::arch::OpMultiplyAdd, bool>, cutlass::layout::RowMajor, cutlass::gemm::warp::MmaSimtPolicy<cutlass::MatrixShape<int=4, int=8>, cutlass::layout::RowMajorInterleaved<int=2>, cutlass::gemm::GemmShape<int=4, int=4, int=1>>>, cutlass::epilogue::warp::TileIteratorSimt<cutlass::gemm::GemmShape<int=32, int=64, int=8>, cutlass::gemm::thread::Mma<cutlass::gemm::GemmShape<int=8, int=8, int=1>, float, cutlass::layout::ColumnMajor, float, cutlass::layout::RowMajor, float, cutlass::layout::RowMajor, cutlass::arch::OpMultiplyAdd, bool>, float, cutlass::layout::RowMajor, cutlass::gemm::warp::MmaSimtPolicy<cutlass::MatrixShape<int=4, int=8>, cutlass::layout::RowMajorInterleaved<int=2>, cutlass::gemm::GemmShape<int=4, int=4, int=1>>>, cutlass::epilogue::threadblock::SharedLoadIterator<cutlass::epilogue::threadblock::OutputTileOptimalThreadMap<cutlass::epilogue::threadblock::OutputTileShape<int=128, int=1, int=4, int=4, int=1>::CompactedThreadMap, cutlass::epilogue::threadblock::OutputTileShape<int=1, int=4, int=2, int=1, int=8>, int=256, int=1, int=32>, float, int=4>, cutlass::epilogue::thread::LinearCombination<float",18513
19.643605,0.001504,,,,,,,,,,112,71.018300,"Pageable","Device","Tesla V100-PCIE-32GB (0)","1","7","[CUDA memcpy HtoD]",18533
19.644293,0.020063,2048,1,1,384,1,1,16,0.000000,0.000000,,,,,"Tesla V100-PCIE-32GB (0)","1","7","void scal_kernel_val<double, double>(cublasScalParamsVal<double, double>)",18647
19.644709,39.067501,6,3528,1,256,1,1,124,0.000000,16.250000,,,,,"Tesla V100-PCIE-32GB (0)","1","7","void cutlass::Kernel<cutlass::gemm::kernel::Gemm<cutlass::gemm::threadblock::MmaPipelined<cutlass::gemm::GemmShape<int=128, int=128, int=8>, cutlass::transform::threadblock::PredicatedTileIterator<cutlass::MatrixShape<int=128, int=8>, float, cutlass::layout::RowMajor, int=1, cutlass::transform::PitchLinearStripminedThreadMap<cutlass::layout::PitchLinearShape<int=8, int=128>, int=256, int=1>, int=1>, cutlass::transform::threadblock::RegularTileIterator<cutlass::MatrixShape<int=128, int=8>, float, cutlass::layout::ColumnMajor, int=1, cutlass::transform::TransposePitchLinearThreadMapSimt<cutlass::transform::PitchLinearStripminedThreadMap<cutlass::layout::PitchLinearShape<int=8, int=128>, int=256, int=1>>, int=4>, cutlass::transform::threadblock::PredicatedTileIterator<cutlass::MatrixShape<int=8, int=128>, float, cutlass::layout::RowMajor, int=0, cutlass::transform::PitchLinearStripminedThreadMap<cutlass::layout::PitchLinearShape<int=128, int=8>, int=256, int=1>, int=1>, cutlass::transform::threadblock::RegularTileIterator<cutlass::MatrixShape<int=8, int=128>, float, cutlass::layout::RowMajor, int=0, cutlass::transform::PitchLinearStripminedThreadMap<cutlass::layout::PitchLinearShape<int=128, int=8>, int=256, int=1>, int=4>, float, cutlass::layout::RowMajor, cutlass::gemm::threadblock::MmaPolicy<cutlass::gemm::warp::MmaSimt<cutlass::gemm::GemmShape<int=32, int=64, int=8>, float, cutlass::layout::ColumnMajor, float, cutlass::layout::RowMajor, float, cutlass::layout::RowMajor, cutlass::gemm::warp::MmaSimtPolicy<cutlass::MatrixShape<int=4, int=8>, cutlass::layout::RowMajorInterleaved<int=2>, cutlass::gemm::GemmShape<int=4, int=4, int=1>>, int=1, bool>, cutlass::MatrixShape<int=4, int=0>, cutlass::MatrixShape<int=0, int=0>, int=1>, cutlass::NumericArrayConverter<float, float, int=4, cutlass::FloatRoundStyle>, cutlass::NumericArrayConverter<float, float, int=4, cutlass::FloatRoundStyle>, bool>, cutlass::epilogue::threadblock::Epilogue<cutlass::gemm::GemmShape<int=128, int=128, int=8>, cutlass::gemm::warp::MmaSimt<cutlass::gemm::GemmShape<int=32, int=64, int=8>, float, cutlass::layout::ColumnMajor, float, cutlass::layout::RowMajor, float, cutlass::layout::RowMajor, cutlass::gemm::warp::MmaSimtPolicy<cutlass::MatrixShape<int=4, int=8>, cutlass::layout::RowMajorInterleaved<int=2>, cutlass::gemm::GemmShape<int=4, int=4, int=1>>, int=1, bool>, int=1, cutlass::epilogue::threadblock::PredicatedTileIterator<cutlass::epilogue::threadblock::OutputTileOptimalThreadMap<cutlass::epilogue::threadblock::OutputTileShape<int=128, int=1, int=4, int=4, int=1>, cutlass::epilogue::threadblock::OutputTileShape<int=1, int=4, int=2, int=1, int=8>, int=256, int=1, int=32>, float>, cutlass::epilogue::warp::FragmentIteratorSimt<cutlass::gemm::GemmShape<int=32, int=64, int=8>, cutlass::gemm::thread::Mma<cutlass::gemm::GemmShape<int=8, int=8, int=1>, float, cutlass::layout::ColumnMajor, float, cutlass::layout::RowMajor, float, cutlass::layout::RowMajor, cutlass::arch::OpMultiplyAdd, bool>, cutlass::layout::RowMajor, cutlass::gemm::warp::MmaSimtPolicy<cutlass::MatrixShape<int=4, int=8>, cutlass::layout::RowMajorInterleaved<int=2>, cutlass::gemm::GemmShape<int=4, int=4, int=1>>>, cutlass::epilogue::warp::TileIteratorSimt<cutlass::gemm::GemmShape<int=32, int=64, int=8>, cutlass::gemm::thread::Mma<cutlass::gemm::GemmShape<int=8, int=8, int=1>, float, cutlass::layout::ColumnMajor, float, cutlass::layout::RowMajor, float, cutlass::layout::RowMajor, cutlass::arch::OpMultiplyAdd, bool>, float, cutlass::layout::RowMajor, cutlass::gemm::warp::MmaSimtPolicy<cutlass::MatrixShape<int=4, int=8>, cutlass::layout::RowMajorInterleaved<int=2>, cutlass::gemm::GemmShape<int=4, int=4, int=1>>>, cutlass::epilogue::threadblock::SharedLoadIterator<cutlass::epilogue::threadblock::OutputTileOptimalThreadMap<cutlass::epilogue::threadblock::OutputTileShape<int=128, int=1, int=4, int=4, int=1>::CompactedThreadMap, cutlass::epilogue::threadblock::OutputTileShape<int=1, int=4, int=2, int=1, int=8>, int=256, int=1, int=32>, float, int=4>, cutlass::epilogue::thread::LinearCombination<float",18676
19.683785,0.001472,,,,,,,,,,112,72.562176,"Pageable","Device","Tesla V100-PCIE-32GB (0)","1","7","[CUDA memcpy HtoD]",18696
19.684458,0.020032,2048,1,1,384,1,1,16,0.000000,0.000000,,,,,"Tesla V100-PCIE-32GB (0)","1","7","void scal_kernel_val<double, double>(cublasScalParamsVal<double, double>)",18810
19.684888,39.087085,6,3528,1,256,1,1,124,0.000000,16.250000,,,,,"Tesla V100-PCIE-32GB (0)","1","7","void cutlass::Kernel<cutlass::gemm::kernel::Gemm<cutlass::gemm::threadblock::MmaPipelined<cutlass::gemm::GemmShape<int=128, int=128, int=8>, cutlass::transform::threadblock::PredicatedTileIterator<cutlass::MatrixShape<int=128, int=8>, float, cutlass::layout::RowMajor, int=1, cutlass::transform::PitchLinearStripminedThreadMap<cutlass::layout::PitchLinearShape<int=8, int=128>, int=256, int=1>, int=1>, cutlass::transform::threadblock::RegularTileIterator<cutlass::MatrixShape<int=128, int=8>, float, cutlass::layout::ColumnMajor, int=1, cutlass::transform::TransposePitchLinearThreadMapSimt<cutlass::transform::PitchLinearStripminedThreadMap<cutlass::layout::PitchLinearShape<int=8, int=128>, int=256, int=1>>, int=4>, cutlass::transform::threadblock::PredicatedTileIterator<cutlass::MatrixShape<int=8, int=128>, float, cutlass::layout::RowMajor, int=0, cutlass::transform::PitchLinearStripminedThreadMap<cutlass::layout::PitchLinearShape<int=128, int=8>, int=256, int=1>, int=1>, cutlass::transform::threadblock::RegularTileIterator<cutlass::MatrixShape<int=8, int=128>, float, cutlass::layout::RowMajor, int=0, cutlass::transform::PitchLinearStripminedThreadMap<cutlass::layout::PitchLinearShape<int=128, int=8>, int=256, int=1>, int=4>, float, cutlass::layout::RowMajor, cutlass::gemm::threadblock::MmaPolicy<cutlass::gemm::warp::MmaSimt<cutlass::gemm::GemmShape<int=32, int=64, int=8>, float, cutlass::layout::ColumnMajor, float, cutlass::layout::RowMajor, float, cutlass::layout::RowMajor, cutlass::gemm::warp::MmaSimtPolicy<cutlass::MatrixShape<int=4, int=8>, cutlass::layout::RowMajorInterleaved<int=2>, cutlass::gemm::GemmShape<int=4, int=4, int=1>>, int=1, bool>, cutlass::MatrixShape<int=4, int=0>, cutlass::MatrixShape<int=0, int=0>, int=1>, cutlass::NumericArrayConverter<float, float, int=4, cutlass::FloatRoundStyle>, cutlass::NumericArrayConverter<float, float, int=4, cutlass::FloatRoundStyle>, bool>, cutlass::epilogue::threadblock::Epilogue<cutlass::gemm::GemmShape<int=128, int=128, int=8>, cutlass::gemm::warp::MmaSimt<cutlass::gemm::GemmShape<int=32, int=64, int=8>, float, cutlass::layout::ColumnMajor, float, cutlass::layout::RowMajor, float, cutlass::layout::RowMajor, cutlass::gemm::warp::MmaSimtPolicy<cutlass::MatrixShape<int=4, int=8>, cutlass::layout::RowMajorInterleaved<int=2>, cutlass::gemm::GemmShape<int=4, int=4, int=1>>, int=1, bool>, int=1, cutlass::epilogue::threadblock::PredicatedTileIterator<cutlass::epilogue::threadblock::OutputTileOptimalThreadMap<cutlass::epilogue::threadblock::OutputTileShape<int=128, int=1, int=4, int=4, int=1>, cutlass::epilogue::threadblock::OutputTileShape<int=1, int=4, int=2, int=1, int=8>, int=256, int=1, int=32>, float>, cutlass::epilogue::warp::FragmentIteratorSimt<cutlass::gemm::GemmShape<int=32, int=64, int=8>, cutlass::gemm::thread::Mma<cutlass::gemm::GemmShape<int=8, int=8, int=1>, float, cutlass::layout::ColumnMajor, float, cutlass::layout::RowMajor, float, cutlass::layout::RowMajor, cutlass::arch::OpMultiplyAdd, bool>, cutlass::layout::RowMajor, cutlass::gemm::warp::MmaSimtPolicy<cutlass::MatrixShape<int=4, int=8>, cutlass::layout::RowMajorInterleaved<int=2>, cutlass::gemm::GemmShape<int=4, int=4, int=1>>>, cutlass::epilogue::warp::TileIteratorSimt<cutlass::gemm::GemmShape<int=32, int=64, int=8>, cutlass::gemm::thread::Mma<cutlass::gemm::GemmShape<int=8, int=8, int=1>, float, cutlass::layout::ColumnMajor, float, cutlass::layout::RowMajor, float, cutlass::layout::RowMajor, cutlass::arch::OpMultiplyAdd, bool>, float, cutlass::layout::RowMajor, cutlass::gemm::warp::MmaSimtPolicy<cutlass::MatrixShape<int=4, int=8>, cutlass::layout::RowMajorInterleaved<int=2>, cutlass::gemm::GemmShape<int=4, int=4, int=1>>>, cutlass::epilogue::threadblock::SharedLoadIterator<cutlass::epilogue::threadblock::OutputTileOptimalThreadMap<cutlass::epilogue::threadblock::OutputTileShape<int=128, int=1, int=4, int=4, int=1>::CompactedThreadMap, cutlass::epilogue::threadblock::OutputTileShape<int=1, int=4, int=2, int=1, int=8>, int=256, int=1, int=32>, float, int=4>, cutlass::epilogue::thread::LinearCombination<float",18839
19.723984,0.001472,,,,,,,,,,112,72.562176,"Pageable","Device","Tesla V100-PCIE-32GB (0)","1","7","[CUDA memcpy HtoD]",18859
19.724657,0.021120,2048,1,1,384,1,1,16,0.000000,0.000000,,,,,"Tesla V100-PCIE-32GB (0)","1","7","void scal_kernel_val<double, double>(cublasScalParamsVal<double, double>)",18973
19.725087,39.070861,6,3528,1,256,1,1,124,0.000000,16.250000,,,,,"Tesla V100-PCIE-32GB (0)","1","7","void cutlass::Kernel<cutlass::gemm::kernel::Gemm<cutlass::gemm::threadblock::MmaPipelined<cutlass::gemm::GemmShape<int=128, int=128, int=8>, cutlass::transform::threadblock::PredicatedTileIterator<cutlass::MatrixShape<int=128, int=8>, float, cutlass::layout::RowMajor, int=1, cutlass::transform::PitchLinearStripminedThreadMap<cutlass::layout::PitchLinearShape<int=8, int=128>, int=256, int=1>, int=1>, cutlass::transform::threadblock::RegularTileIterator<cutlass::MatrixShape<int=128, int=8>, float, cutlass::layout::ColumnMajor, int=1, cutlass::transform::TransposePitchLinearThreadMapSimt<cutlass::transform::PitchLinearStripminedThreadMap<cutlass::layout::PitchLinearShape<int=8, int=128>, int=256, int=1>>, int=4>, cutlass::transform::threadblock::PredicatedTileIterator<cutlass::MatrixShape<int=8, int=128>, float, cutlass::layout::RowMajor, int=0, cutlass::transform::PitchLinearStripminedThreadMap<cutlass::layout::PitchLinearShape<int=128, int=8>, int=256, int=1>, int=1>, cutlass::transform::threadblock::RegularTileIterator<cutlass::MatrixShape<int=8, int=128>, float, cutlass::layout::RowMajor, int=0, cutlass::transform::PitchLinearStripminedThreadMap<cutlass::layout::PitchLinearShape<int=128, int=8>, int=256, int=1>, int=4>, float, cutlass::layout::RowMajor, cutlass::gemm::threadblock::MmaPolicy<cutlass::gemm::warp::MmaSimt<cutlass::gemm::GemmShape<int=32, int=64, int=8>, float, cutlass::layout::ColumnMajor, float, cutlass::layout::RowMajor, float, cutlass::layout::RowMajor, cutlass::gemm::warp::MmaSimtPolicy<cutlass::MatrixShape<int=4, int=8>, cutlass::layout::RowMajorInterleaved<int=2>, cutlass::gemm::GemmShape<int=4, int=4, int=1>>, int=1, bool>, cutlass::MatrixShape<int=4, int=0>, cutlass::MatrixShape<int=0, int=0>, int=1>, cutlass::NumericArrayConverter<float, float, int=4, cutlass::FloatRoundStyle>, cutlass::NumericArrayConverter<float, float, int=4, cutlass::FloatRoundStyle>, bool>, cutlass::epilogue::threadblock::Epilogue<cutlass::gemm::GemmShape<int=128, int=128, int=8>, cutlass::gemm::warp::MmaSimt<cutlass::gemm::GemmShape<int=32, int=64, int=8>, float, cutlass::layout::ColumnMajor, float, cutlass::layout::RowMajor, float, cutlass::layout::RowMajor, cutlass::gemm::warp::MmaSimtPolicy<cutlass::MatrixShape<int=4, int=8>, cutlass::layout::RowMajorInterleaved<int=2>, cutlass::gemm::GemmShape<int=4, int=4, int=1>>, int=1, bool>, int=1, cutlass::epilogue::threadblock::PredicatedTileIterator<cutlass::epilogue::threadblock::OutputTileOptimalThreadMap<cutlass::epilogue::threadblock::OutputTileShape<int=128, int=1, int=4, int=4, int=1>, cutlass::epilogue::threadblock::OutputTileShape<int=1, int=4, int=2, int=1, int=8>, int=256, int=1, int=32>, float>, cutlass::epilogue::warp::FragmentIteratorSimt<cutlass::gemm::GemmShape<int=32, int=64, int=8>, cutlass::gemm::thread::Mma<cutlass::gemm::GemmShape<int=8, int=8, int=1>, float, cutlass::layout::ColumnMajor, float, cutlass::layout::RowMajor, float, cutlass::layout::RowMajor, cutlass::arch::OpMultiplyAdd, bool>, cutlass::layout::RowMajor, cutlass::gemm::warp::MmaSimtPolicy<cutlass::MatrixShape<int=4, int=8>, cutlass::layout::RowMajorInterleaved<int=2>, cutlass::gemm::GemmShape<int=4, int=4, int=1>>>, cutlass::epilogue::warp::TileIteratorSimt<cutlass::gemm::GemmShape<int=32, int=64, int=8>, cutlass::gemm::thread::Mma<cutlass::gemm::GemmShape<int=8, int=8, int=1>, float, cutlass::layout::ColumnMajor, float, cutlass::layout::RowMajor, float, cutlass::layout::RowMajor, cutlass::arch::OpMultiplyAdd, bool>, float, cutlass::layout::RowMajor, cutlass::gemm::warp::MmaSimtPolicy<cutlass::MatrixShape<int=4, int=8>, cutlass::layout::RowMajorInterleaved<int=2>, cutlass::gemm::GemmShape<int=4, int=4, int=1>>>, cutlass::epilogue::threadblock::SharedLoadIterator<cutlass::epilogue::threadblock::OutputTileOptimalThreadMap<cutlass::epilogue::threadblock::OutputTileShape<int=128, int=1, int=4, int=4, int=1>::CompactedThreadMap, cutlass::epilogue::threadblock::OutputTileShape<int=1, int=4, int=2, int=1, int=8>, int=256, int=1, int=32>, float, int=4>, cutlass::epilogue::thread::LinearCombination<float",19002
19.764167,0.001472,,,,,,,,,,112,72.562176,"Pageable","Device","Tesla V100-PCIE-32GB (0)","1","7","[CUDA memcpy HtoD]",19022
19.764853,0.020511,2048,1,1,384,1,1,16,0.000000,0.000000,,,,,"Tesla V100-PCIE-32GB (0)","1","7","void scal_kernel_val<double, double>(cublasScalParamsVal<double, double>)",19136
19.765290,39.074925,6,3528,1,256,1,1,124,0.000000,16.250000,,,,,"Tesla V100-PCIE-32GB (0)","1","7","void cutlass::Kernel<cutlass::gemm::kernel::Gemm<cutlass::gemm::threadblock::MmaPipelined<cutlass::gemm::GemmShape<int=128, int=128, int=8>, cutlass::transform::threadblock::PredicatedTileIterator<cutlass::MatrixShape<int=128, int=8>, float, cutlass::layout::RowMajor, int=1, cutlass::transform::PitchLinearStripminedThreadMap<cutlass::layout::PitchLinearShape<int=8, int=128>, int=256, int=1>, int=1>, cutlass::transform::threadblock::RegularTileIterator<cutlass::MatrixShape<int=128, int=8>, float, cutlass::layout::ColumnMajor, int=1, cutlass::transform::TransposePitchLinearThreadMapSimt<cutlass::transform::PitchLinearStripminedThreadMap<cutlass::layout::PitchLinearShape<int=8, int=128>, int=256, int=1>>, int=4>, cutlass::transform::threadblock::PredicatedTileIterator<cutlass::MatrixShape<int=8, int=128>, float, cutlass::layout::RowMajor, int=0, cutlass::transform::PitchLinearStripminedThreadMap<cutlass::layout::PitchLinearShape<int=128, int=8>, int=256, int=1>, int=1>, cutlass::transform::threadblock::RegularTileIterator<cutlass::MatrixShape<int=8, int=128>, float, cutlass::layout::RowMajor, int=0, cutlass::transform::PitchLinearStripminedThreadMap<cutlass::layout::PitchLinearShape<int=128, int=8>, int=256, int=1>, int=4>, float, cutlass::layout::RowMajor, cutlass::gemm::threadblock::MmaPolicy<cutlass::gemm::warp::MmaSimt<cutlass::gemm::GemmShape<int=32, int=64, int=8>, float, cutlass::layout::ColumnMajor, float, cutlass::layout::RowMajor, float, cutlass::layout::RowMajor, cutlass::gemm::warp::MmaSimtPolicy<cutlass::MatrixShape<int=4, int=8>, cutlass::layout::RowMajorInterleaved<int=2>, cutlass::gemm::GemmShape<int=4, int=4, int=1>>, int=1, bool>, cutlass::MatrixShape<int=4, int=0>, cutlass::MatrixShape<int=0, int=0>, int=1>, cutlass::NumericArrayConverter<float, float, int=4, cutlass::FloatRoundStyle>, cutlass::NumericArrayConverter<float, float, int=4, cutlass::FloatRoundStyle>, bool>, cutlass::epilogue::threadblock::Epilogue<cutlass::gemm::GemmShape<int=128, int=128, int=8>, cutlass::gemm::warp::MmaSimt<cutlass::gemm::GemmShape<int=32, int=64, int=8>, float, cutlass::layout::ColumnMajor, float, cutlass::layout::RowMajor, float, cutlass::layout::RowMajor, cutlass::gemm::warp::MmaSimtPolicy<cutlass::MatrixShape<int=4, int=8>, cutlass::layout::RowMajorInterleaved<int=2>, cutlass::gemm::GemmShape<int=4, int=4, int=1>>, int=1, bool>, int=1, cutlass::epilogue::threadblock::PredicatedTileIterator<cutlass::epilogue::threadblock::OutputTileOptimalThreadMap<cutlass::epilogue::threadblock::OutputTileShape<int=128, int=1, int=4, int=4, int=1>, cutlass::epilogue::threadblock::OutputTileShape<int=1, int=4, int=2, int=1, int=8>, int=256, int=1, int=32>, float>, cutlass::epilogue::warp::FragmentIteratorSimt<cutlass::gemm::GemmShape<int=32, int=64, int=8>, cutlass::gemm::thread::Mma<cutlass::gemm::GemmShape<int=8, int=8, int=1>, float, cutlass::layout::ColumnMajor, float, cutlass::layout::RowMajor, float, cutlass::layout::RowMajor, cutlass::arch::OpMultiplyAdd, bool>, cutlass::layout::RowMajor, cutlass::gemm::warp::MmaSimtPolicy<cutlass::MatrixShape<int=4, int=8>, cutlass::layout::RowMajorInterleaved<int=2>, cutlass::gemm::GemmShape<int=4, int=4, int=1>>>, cutlass::epilogue::warp::TileIteratorSimt<cutlass::gemm::GemmShape<int=32, int=64, int=8>, cutlass::gemm::thread::Mma<cutlass::gemm::GemmShape<int=8, int=8, int=1>, float, cutlass::layout::ColumnMajor, float, cutlass::layout::RowMajor, float, cutlass::layout::RowMajor, cutlass::arch::OpMultiplyAdd, bool>, float, cutlass::layout::RowMajor, cutlass::gemm::warp::MmaSimtPolicy<cutlass::MatrixShape<int=4, int=8>, cutlass::layout::RowMajorInterleaved<int=2>, cutlass::gemm::GemmShape<int=4, int=4, int=1>>>, cutlass::epilogue::threadblock::SharedLoadIterator<cutlass::epilogue::threadblock::OutputTileOptimalThreadMap<cutlass::epilogue::threadblock::OutputTileShape<int=128, int=1, int=4, int=4, int=1>::CompactedThreadMap, cutlass::epilogue::threadblock::OutputTileShape<int=1, int=4, int=2, int=1, int=8>, int=256, int=1, int=32>, float, int=4>, cutlass::epilogue::thread::LinearCombination<float",19165
19.804374,0.001472,,,,,,,,,,112,72.562176,"Pageable","Device","Tesla V100-PCIE-32GB (0)","1","7","[CUDA memcpy HtoD]",19185
19.805043,0.020256,2048,1,1,384,1,1,16,0.000000,0.000000,,,,,"Tesla V100-PCIE-32GB (0)","1","7","void scal_kernel_val<double, double>(cublasScalParamsVal<double, double>)",19299
19.805480,39.076333,6,3528,1,256,1,1,124,0.000000,16.250000,,,,,"Tesla V100-PCIE-32GB (0)","1","7","void cutlass::Kernel<cutlass::gemm::kernel::Gemm<cutlass::gemm::threadblock::MmaPipelined<cutlass::gemm::GemmShape<int=128, int=128, int=8>, cutlass::transform::threadblock::PredicatedTileIterator<cutlass::MatrixShape<int=128, int=8>, float, cutlass::layout::RowMajor, int=1, cutlass::transform::PitchLinearStripminedThreadMap<cutlass::layout::PitchLinearShape<int=8, int=128>, int=256, int=1>, int=1>, cutlass::transform::threadblock::RegularTileIterator<cutlass::MatrixShape<int=128, int=8>, float, cutlass::layout::ColumnMajor, int=1, cutlass::transform::TransposePitchLinearThreadMapSimt<cutlass::transform::PitchLinearStripminedThreadMap<cutlass::layout::PitchLinearShape<int=8, int=128>, int=256, int=1>>, int=4>, cutlass::transform::threadblock::PredicatedTileIterator<cutlass::MatrixShape<int=8, int=128>, float, cutlass::layout::RowMajor, int=0, cutlass::transform::PitchLinearStripminedThreadMap<cutlass::layout::PitchLinearShape<int=128, int=8>, int=256, int=1>, int=1>, cutlass::transform::threadblock::RegularTileIterator<cutlass::MatrixShape<int=8, int=128>, float, cutlass::layout::RowMajor, int=0, cutlass::transform::PitchLinearStripminedThreadMap<cutlass::layout::PitchLinearShape<int=128, int=8>, int=256, int=1>, int=4>, float, cutlass::layout::RowMajor, cutlass::gemm::threadblock::MmaPolicy<cutlass::gemm::warp::MmaSimt<cutlass::gemm::GemmShape<int=32, int=64, int=8>, float, cutlass::layout::ColumnMajor, float, cutlass::layout::RowMajor, float, cutlass::layout::RowMajor, cutlass::gemm::warp::MmaSimtPolicy<cutlass::MatrixShape<int=4, int=8>, cutlass::layout::RowMajorInterleaved<int=2>, cutlass::gemm::GemmShape<int=4, int=4, int=1>>, int=1, bool>, cutlass::MatrixShape<int=4, int=0>, cutlass::MatrixShape<int=0, int=0>, int=1>, cutlass::NumericArrayConverter<float, float, int=4, cutlass::FloatRoundStyle>, cutlass::NumericArrayConverter<float, float, int=4, cutlass::FloatRoundStyle>, bool>, cutlass::epilogue::threadblock::Epilogue<cutlass::gemm::GemmShape<int=128, int=128, int=8>, cutlass::gemm::warp::MmaSimt<cutlass::gemm::GemmShape<int=32, int=64, int=8>, float, cutlass::layout::ColumnMajor, float, cutlass::layout::RowMajor, float, cutlass::layout::RowMajor, cutlass::gemm::warp::MmaSimtPolicy<cutlass::MatrixShape<int=4, int=8>, cutlass::layout::RowMajorInterleaved<int=2>, cutlass::gemm::GemmShape<int=4, int=4, int=1>>, int=1, bool>, int=1, cutlass::epilogue::threadblock::PredicatedTileIterator<cutlass::epilogue::threadblock::OutputTileOptimalThreadMap<cutlass::epilogue::threadblock::OutputTileShape<int=128, int=1, int=4, int=4, int=1>, cutlass::epilogue::threadblock::OutputTileShape<int=1, int=4, int=2, int=1, int=8>, int=256, int=1, int=32>, float>, cutlass::epilogue::warp::FragmentIteratorSimt<cutlass::gemm::GemmShape<int=32, int=64, int=8>, cutlass::gemm::thread::Mma<cutlass::gemm::GemmShape<int=8, int=8, int=1>, float, cutlass::layout::ColumnMajor, float, cutlass::layout::RowMajor, float, cutlass::layout::RowMajor, cutlass::arch::OpMultiplyAdd, bool>, cutlass::layout::RowMajor, cutlass::gemm::warp::MmaSimtPolicy<cutlass::MatrixShape<int=4, int=8>, cutlass::layout::RowMajorInterleaved<int=2>, cutlass::gemm::GemmShape<int=4, int=4, int=1>>>, cutlass::epilogue::warp::TileIteratorSimt<cutlass::gemm::GemmShape<int=32, int=64, int=8>, cutlass::gemm::thread::Mma<cutlass::gemm::GemmShape<int=8, int=8, int=1>, float, cutlass::layout::ColumnMajor, float, cutlass::layout::RowMajor, float, cutlass::layout::RowMajor, cutlass::arch::OpMultiplyAdd, bool>, float, cutlass::layout::RowMajor, cutlass::gemm::warp::MmaSimtPolicy<cutlass::MatrixShape<int=4, int=8>, cutlass::layout::RowMajorInterleaved<int=2>, cutlass::gemm::GemmShape<int=4, int=4, int=1>>>, cutlass::epilogue::threadblock::SharedLoadIterator<cutlass::epilogue::threadblock::OutputTileOptimalThreadMap<cutlass::epilogue::threadblock::OutputTileShape<int=128, int=1, int=4, int=4, int=1>::CompactedThreadMap, cutlass::epilogue::threadblock::OutputTileShape<int=1, int=4, int=2, int=1, int=8>, int=256, int=1, int=32>, float, int=4>, cutlass::epilogue::thread::LinearCombination<float",19328
19.844565,0.001472,,,,,,,,,,112,72.562176,"Pageable","Device","Tesla V100-PCIE-32GB (0)","1","7","[CUDA memcpy HtoD]",19348
19.845240,0.020096,2048,1,1,384,1,1,16,0.000000,0.000000,,,,,"Tesla V100-PCIE-32GB (0)","1","7","void scal_kernel_val<double, double>(cublasScalParamsVal<double, double>)",19462
19.845673,39.093229,6,3528,1,256,1,1,124,0.000000,16.250000,,,,,"Tesla V100-PCIE-32GB (0)","1","7","void cutlass::Kernel<cutlass::gemm::kernel::Gemm<cutlass::gemm::threadblock::MmaPipelined<cutlass::gemm::GemmShape<int=128, int=128, int=8>, cutlass::transform::threadblock::PredicatedTileIterator<cutlass::MatrixShape<int=128, int=8>, float, cutlass::layout::RowMajor, int=1, cutlass::transform::PitchLinearStripminedThreadMap<cutlass::layout::PitchLinearShape<int=8, int=128>, int=256, int=1>, int=1>, cutlass::transform::threadblock::RegularTileIterator<cutlass::MatrixShape<int=128, int=8>, float, cutlass::layout::ColumnMajor, int=1, cutlass::transform::TransposePitchLinearThreadMapSimt<cutlass::transform::PitchLinearStripminedThreadMap<cutlass::layout::PitchLinearShape<int=8, int=128>, int=256, int=1>>, int=4>, cutlass::transform::threadblock::PredicatedTileIterator<cutlass::MatrixShape<int=8, int=128>, float, cutlass::layout::RowMajor, int=0, cutlass::transform::PitchLinearStripminedThreadMap<cutlass::layout::PitchLinearShape<int=128, int=8>, int=256, int=1>, int=1>, cutlass::transform::threadblock::RegularTileIterator<cutlass::MatrixShape<int=8, int=128>, float, cutlass::layout::RowMajor, int=0, cutlass::transform::PitchLinearStripminedThreadMap<cutlass::layout::PitchLinearShape<int=128, int=8>, int=256, int=1>, int=4>, float, cutlass::layout::RowMajor, cutlass::gemm::threadblock::MmaPolicy<cutlass::gemm::warp::MmaSimt<cutlass::gemm::GemmShape<int=32, int=64, int=8>, float, cutlass::layout::ColumnMajor, float, cutlass::layout::RowMajor, float, cutlass::layout::RowMajor, cutlass::gemm::warp::MmaSimtPolicy<cutlass::MatrixShape<int=4, int=8>, cutlass::layout::RowMajorInterleaved<int=2>, cutlass::gemm::GemmShape<int=4, int=4, int=1>>, int=1, bool>, cutlass::MatrixShape<int=4, int=0>, cutlass::MatrixShape<int=0, int=0>, int=1>, cutlass::NumericArrayConverter<float, float, int=4, cutlass::FloatRoundStyle>, cutlass::NumericArrayConverter<float, float, int=4, cutlass::FloatRoundStyle>, bool>, cutlass::epilogue::threadblock::Epilogue<cutlass::gemm::GemmShape<int=128, int=128, int=8>, cutlass::gemm::warp::MmaSimt<cutlass::gemm::GemmShape<int=32, int=64, int=8>, float, cutlass::layout::ColumnMajor, float, cutlass::layout::RowMajor, float, cutlass::layout::RowMajor, cutlass::gemm::warp::MmaSimtPolicy<cutlass::MatrixShape<int=4, int=8>, cutlass::layout::RowMajorInterleaved<int=2>, cutlass::gemm::GemmShape<int=4, int=4, int=1>>, int=1, bool>, int=1, cutlass::epilogue::threadblock::PredicatedTileIterator<cutlass::epilogue::threadblock::OutputTileOptimalThreadMap<cutlass::epilogue::threadblock::OutputTileShape<int=128, int=1, int=4, int=4, int=1>, cutlass::epilogue::threadblock::OutputTileShape<int=1, int=4, int=2, int=1, int=8>, int=256, int=1, int=32>, float>, cutlass::epilogue::warp::FragmentIteratorSimt<cutlass::gemm::GemmShape<int=32, int=64, int=8>, cutlass::gemm::thread::Mma<cutlass::gemm::GemmShape<int=8, int=8, int=1>, float, cutlass::layout::ColumnMajor, float, cutlass::layout::RowMajor, float, cutlass::layout::RowMajor, cutlass::arch::OpMultiplyAdd, bool>, cutlass::layout::RowMajor, cutlass::gemm::warp::MmaSimtPolicy<cutlass::MatrixShape<int=4, int=8>, cutlass::layout::RowMajorInterleaved<int=2>, cutlass::gemm::GemmShape<int=4, int=4, int=1>>>, cutlass::epilogue::warp::TileIteratorSimt<cutlass::gemm::GemmShape<int=32, int=64, int=8>, cutlass::gemm::thread::Mma<cutlass::gemm::GemmShape<int=8, int=8, int=1>, float, cutlass::layout::ColumnMajor, float, cutlass::layout::RowMajor, float, cutlass::layout::RowMajor, cutlass::arch::OpMultiplyAdd, bool>, float, cutlass::layout::RowMajor, cutlass::gemm::warp::MmaSimtPolicy<cutlass::MatrixShape<int=4, int=8>, cutlass::layout::RowMajorInterleaved<int=2>, cutlass::gemm::GemmShape<int=4, int=4, int=1>>>, cutlass::epilogue::threadblock::SharedLoadIterator<cutlass::epilogue::threadblock::OutputTileOptimalThreadMap<cutlass::epilogue::threadblock::OutputTileShape<int=128, int=1, int=4, int=4, int=1>::CompactedThreadMap, cutlass::epilogue::threadblock::OutputTileShape<int=1, int=4, int=2, int=1, int=8>, int=256, int=1, int=32>, float, int=4>, cutlass::epilogue::thread::LinearCombination<float",19491
19.884776,0.001472,,,,,,,,,,112,72.562176,"Pageable","Device","Tesla V100-PCIE-32GB (0)","1","7","[CUDA memcpy HtoD]",19511
19.885453,0.021248,2048,1,1,384,1,1,16,0.000000,0.000000,,,,,"Tesla V100-PCIE-32GB (0)","1","7","void scal_kernel_val<double, double>(cublasScalParamsVal<double, double>)",19625
19.885883,39.069133,6,3528,1,256,1,1,124,0.000000,16.250000,,,,,"Tesla V100-PCIE-32GB (0)","1","7","void cutlass::Kernel<cutlass::gemm::kernel::Gemm<cutlass::gemm::threadblock::MmaPipelined<cutlass::gemm::GemmShape<int=128, int=128, int=8>, cutlass::transform::threadblock::PredicatedTileIterator<cutlass::MatrixShape<int=128, int=8>, float, cutlass::layout::RowMajor, int=1, cutlass::transform::PitchLinearStripminedThreadMap<cutlass::layout::PitchLinearShape<int=8, int=128>, int=256, int=1>, int=1>, cutlass::transform::threadblock::RegularTileIterator<cutlass::MatrixShape<int=128, int=8>, float, cutlass::layout::ColumnMajor, int=1, cutlass::transform::TransposePitchLinearThreadMapSimt<cutlass::transform::PitchLinearStripminedThreadMap<cutlass::layout::PitchLinearShape<int=8, int=128>, int=256, int=1>>, int=4>, cutlass::transform::threadblock::PredicatedTileIterator<cutlass::MatrixShape<int=8, int=128>, float, cutlass::layout::RowMajor, int=0, cutlass::transform::PitchLinearStripminedThreadMap<cutlass::layout::PitchLinearShape<int=128, int=8>, int=256, int=1>, int=1>, cutlass::transform::threadblock::RegularTileIterator<cutlass::MatrixShape<int=8, int=128>, float, cutlass::layout::RowMajor, int=0, cutlass::transform::PitchLinearStripminedThreadMap<cutlass::layout::PitchLinearShape<int=128, int=8>, int=256, int=1>, int=4>, float, cutlass::layout::RowMajor, cutlass::gemm::threadblock::MmaPolicy<cutlass::gemm::warp::MmaSimt<cutlass::gemm::GemmShape<int=32, int=64, int=8>, float, cutlass::layout::ColumnMajor, float, cutlass::layout::RowMajor, float, cutlass::layout::RowMajor, cutlass::gemm::warp::MmaSimtPolicy<cutlass::MatrixShape<int=4, int=8>, cutlass::layout::RowMajorInterleaved<int=2>, cutlass::gemm::GemmShape<int=4, int=4, int=1>>, int=1, bool>, cutlass::MatrixShape<int=4, int=0>, cutlass::MatrixShape<int=0, int=0>, int=1>, cutlass::NumericArrayConverter<float, float, int=4, cutlass::FloatRoundStyle>, cutlass::NumericArrayConverter<float, float, int=4, cutlass::FloatRoundStyle>, bool>, cutlass::epilogue::threadblock::Epilogue<cutlass::gemm::GemmShape<int=128, int=128, int=8>, cutlass::gemm::warp::MmaSimt<cutlass::gemm::GemmShape<int=32, int=64, int=8>, float, cutlass::layout::ColumnMajor, float, cutlass::layout::RowMajor, float, cutlass::layout::RowMajor, cutlass::gemm::warp::MmaSimtPolicy<cutlass::MatrixShape<int=4, int=8>, cutlass::layout::RowMajorInterleaved<int=2>, cutlass::gemm::GemmShape<int=4, int=4, int=1>>, int=1, bool>, int=1, cutlass::epilogue::threadblock::PredicatedTileIterator<cutlass::epilogue::threadblock::OutputTileOptimalThreadMap<cutlass::epilogue::threadblock::OutputTileShape<int=128, int=1, int=4, int=4, int=1>, cutlass::epilogue::threadblock::OutputTileShape<int=1, int=4, int=2, int=1, int=8>, int=256, int=1, int=32>, float>, cutlass::epilogue::warp::FragmentIteratorSimt<cutlass::gemm::GemmShape<int=32, int=64, int=8>, cutlass::gemm::thread::Mma<cutlass::gemm::GemmShape<int=8, int=8, int=1>, float, cutlass::layout::ColumnMajor, float, cutlass::layout::RowMajor, float, cutlass::layout::RowMajor, cutlass::arch::OpMultiplyAdd, bool>, cutlass::layout::RowMajor, cutlass::gemm::warp::MmaSimtPolicy<cutlass::MatrixShape<int=4, int=8>, cutlass::layout::RowMajorInterleaved<int=2>, cutlass::gemm::GemmShape<int=4, int=4, int=1>>>, cutlass::epilogue::warp::TileIteratorSimt<cutlass::gemm::GemmShape<int=32, int=64, int=8>, cutlass::gemm::thread::Mma<cutlass::gemm::GemmShape<int=8, int=8, int=1>, float, cutlass::layout::ColumnMajor, float, cutlass::layout::RowMajor, float, cutlass::layout::RowMajor, cutlass::arch::OpMultiplyAdd, bool>, float, cutlass::layout::RowMajor, cutlass::gemm::warp::MmaSimtPolicy<cutlass::MatrixShape<int=4, int=8>, cutlass::layout::RowMajorInterleaved<int=2>, cutlass::gemm::GemmShape<int=4, int=4, int=1>>>, cutlass::epilogue::threadblock::SharedLoadIterator<cutlass::epilogue::threadblock::OutputTileOptimalThreadMap<cutlass::epilogue::threadblock::OutputTileShape<int=128, int=1, int=4, int=4, int=1>::CompactedThreadMap, cutlass::epilogue::threadblock::OutputTileShape<int=1, int=4, int=2, int=1, int=8>, int=256, int=1, int=32>, float, int=4>, cutlass::epilogue::thread::LinearCombination<float",19654
19.924961,0.001472,,,,,,,,,,112,72.562176,"Pageable","Device","Tesla V100-PCIE-32GB (0)","1","7","[CUDA memcpy HtoD]",19674
19.925635,0.020703,2048,1,1,384,1,1,16,0.000000,0.000000,,,,,"Tesla V100-PCIE-32GB (0)","1","7","void scal_kernel_val<double, double>(cublasScalParamsVal<double, double>)",19788
19.926065,39.068268,6,3528,1,256,1,1,124,0.000000,16.250000,,,,,"Tesla V100-PCIE-32GB (0)","1","7","void cutlass::Kernel<cutlass::gemm::kernel::Gemm<cutlass::gemm::threadblock::MmaPipelined<cutlass::gemm::GemmShape<int=128, int=128, int=8>, cutlass::transform::threadblock::PredicatedTileIterator<cutlass::MatrixShape<int=128, int=8>, float, cutlass::layout::RowMajor, int=1, cutlass::transform::PitchLinearStripminedThreadMap<cutlass::layout::PitchLinearShape<int=8, int=128>, int=256, int=1>, int=1>, cutlass::transform::threadblock::RegularTileIterator<cutlass::MatrixShape<int=128, int=8>, float, cutlass::layout::ColumnMajor, int=1, cutlass::transform::TransposePitchLinearThreadMapSimt<cutlass::transform::PitchLinearStripminedThreadMap<cutlass::layout::PitchLinearShape<int=8, int=128>, int=256, int=1>>, int=4>, cutlass::transform::threadblock::PredicatedTileIterator<cutlass::MatrixShape<int=8, int=128>, float, cutlass::layout::RowMajor, int=0, cutlass::transform::PitchLinearStripminedThreadMap<cutlass::layout::PitchLinearShape<int=128, int=8>, int=256, int=1>, int=1>, cutlass::transform::threadblock::RegularTileIterator<cutlass::MatrixShape<int=8, int=128>, float, cutlass::layout::RowMajor, int=0, cutlass::transform::PitchLinearStripminedThreadMap<cutlass::layout::PitchLinearShape<int=128, int=8>, int=256, int=1>, int=4>, float, cutlass::layout::RowMajor, cutlass::gemm::threadblock::MmaPolicy<cutlass::gemm::warp::MmaSimt<cutlass::gemm::GemmShape<int=32, int=64, int=8>, float, cutlass::layout::ColumnMajor, float, cutlass::layout::RowMajor, float, cutlass::layout::RowMajor, cutlass::gemm::warp::MmaSimtPolicy<cutlass::MatrixShape<int=4, int=8>, cutlass::layout::RowMajorInterleaved<int=2>, cutlass::gemm::GemmShape<int=4, int=4, int=1>>, int=1, bool>, cutlass::MatrixShape<int=4, int=0>, cutlass::MatrixShape<int=0, int=0>, int=1>, cutlass::NumericArrayConverter<float, float, int=4, cutlass::FloatRoundStyle>, cutlass::NumericArrayConverter<float, float, int=4, cutlass::FloatRoundStyle>, bool>, cutlass::epilogue::threadblock::Epilogue<cutlass::gemm::GemmShape<int=128, int=128, int=8>, cutlass::gemm::warp::MmaSimt<cutlass::gemm::GemmShape<int=32, int=64, int=8>, float, cutlass::layout::ColumnMajor, float, cutlass::layout::RowMajor, float, cutlass::layout::RowMajor, cutlass::gemm::warp::MmaSimtPolicy<cutlass::MatrixShape<int=4, int=8>, cutlass::layout::RowMajorInterleaved<int=2>, cutlass::gemm::GemmShape<int=4, int=4, int=1>>, int=1, bool>, int=1, cutlass::epilogue::threadblock::PredicatedTileIterator<cutlass::epilogue::threadblock::OutputTileOptimalThreadMap<cutlass::epilogue::threadblock::OutputTileShape<int=128, int=1, int=4, int=4, int=1>, cutlass::epilogue::threadblock::OutputTileShape<int=1, int=4, int=2, int=1, int=8>, int=256, int=1, int=32>, float>, cutlass::epilogue::warp::FragmentIteratorSimt<cutlass::gemm::GemmShape<int=32, int=64, int=8>, cutlass::gemm::thread::Mma<cutlass::gemm::GemmShape<int=8, int=8, int=1>, float, cutlass::layout::ColumnMajor, float, cutlass::layout::RowMajor, float, cutlass::layout::RowMajor, cutlass::arch::OpMultiplyAdd, bool>, cutlass::layout::RowMajor, cutlass::gemm::warp::MmaSimtPolicy<cutlass::MatrixShape<int=4, int=8>, cutlass::layout::RowMajorInterleaved<int=2>, cutlass::gemm::GemmShape<int=4, int=4, int=1>>>, cutlass::epilogue::warp::TileIteratorSimt<cutlass::gemm::GemmShape<int=32, int=64, int=8>, cutlass::gemm::thread::Mma<cutlass::gemm::GemmShape<int=8, int=8, int=1>, float, cutlass::layout::ColumnMajor, float, cutlass::layout::RowMajor, float, cutlass::layout::RowMajor, cutlass::arch::OpMultiplyAdd, bool>, float, cutlass::layout::RowMajor, cutlass::gemm::warp::MmaSimtPolicy<cutlass::MatrixShape<int=4, int=8>, cutlass::layout::RowMajorInterleaved<int=2>, cutlass::gemm::GemmShape<int=4, int=4, int=1>>>, cutlass::epilogue::threadblock::SharedLoadIterator<cutlass::epilogue::threadblock::OutputTileOptimalThreadMap<cutlass::epilogue::threadblock::OutputTileShape<int=128, int=1, int=4, int=4, int=1>::CompactedThreadMap, cutlass::epilogue::threadblock::OutputTileShape<int=1, int=4, int=2, int=1, int=8>, int=256, int=1, int=32>, float, int=4>, cutlass::epilogue::thread::LinearCombination<float",19817
19.965142,0.001472,,,,,,,,,,112,72.562176,"Pageable","Device","Tesla V100-PCIE-32GB (0)","1","7","[CUDA memcpy HtoD]",19837
19.965804,0.020096,2048,1,1,384,1,1,16,0.000000,0.000000,,,,,"Tesla V100-PCIE-32GB (0)","1","7","void scal_kernel_val<double, double>(cublasScalParamsVal<double, double>)",19951
19.966241,39.086605,6,3528,1,256,1,1,124,0.000000,16.250000,,,,,"Tesla V100-PCIE-32GB (0)","1","7","void cutlass::Kernel<cutlass::gemm::kernel::Gemm<cutlass::gemm::threadblock::MmaPipelined<cutlass::gemm::GemmShape<int=128, int=128, int=8>, cutlass::transform::threadblock::PredicatedTileIterator<cutlass::MatrixShape<int=128, int=8>, float, cutlass::layout::RowMajor, int=1, cutlass::transform::PitchLinearStripminedThreadMap<cutlass::layout::PitchLinearShape<int=8, int=128>, int=256, int=1>, int=1>, cutlass::transform::threadblock::RegularTileIterator<cutlass::MatrixShape<int=128, int=8>, float, cutlass::layout::ColumnMajor, int=1, cutlass::transform::TransposePitchLinearThreadMapSimt<cutlass::transform::PitchLinearStripminedThreadMap<cutlass::layout::PitchLinearShape<int=8, int=128>, int=256, int=1>>, int=4>, cutlass::transform::threadblock::PredicatedTileIterator<cutlass::MatrixShape<int=8, int=128>, float, cutlass::layout::RowMajor, int=0, cutlass::transform::PitchLinearStripminedThreadMap<cutlass::layout::PitchLinearShape<int=128, int=8>, int=256, int=1>, int=1>, cutlass::transform::threadblock::RegularTileIterator<cutlass::MatrixShape<int=8, int=128>, float, cutlass::layout::RowMajor, int=0, cutlass::transform::PitchLinearStripminedThreadMap<cutlass::layout::PitchLinearShape<int=128, int=8>, int=256, int=1>, int=4>, float, cutlass::layout::RowMajor, cutlass::gemm::threadblock::MmaPolicy<cutlass::gemm::warp::MmaSimt<cutlass::gemm::GemmShape<int=32, int=64, int=8>, float, cutlass::layout::ColumnMajor, float, cutlass::layout::RowMajor, float, cutlass::layout::RowMajor, cutlass::gemm::warp::MmaSimtPolicy<cutlass::MatrixShape<int=4, int=8>, cutlass::layout::RowMajorInterleaved<int=2>, cutlass::gemm::GemmShape<int=4, int=4, int=1>>, int=1, bool>, cutlass::MatrixShape<int=4, int=0>, cutlass::MatrixShape<int=0, int=0>, int=1>, cutlass::NumericArrayConverter<float, float, int=4, cutlass::FloatRoundStyle>, cutlass::NumericArrayConverter<float, float, int=4, cutlass::FloatRoundStyle>, bool>, cutlass::epilogue::threadblock::Epilogue<cutlass::gemm::GemmShape<int=128, int=128, int=8>, cutlass::gemm::warp::MmaSimt<cutlass::gemm::GemmShape<int=32, int=64, int=8>, float, cutlass::layout::ColumnMajor, float, cutlass::layout::RowMajor, float, cutlass::layout::RowMajor, cutlass::gemm::warp::MmaSimtPolicy<cutlass::MatrixShape<int=4, int=8>, cutlass::layout::RowMajorInterleaved<int=2>, cutlass::gemm::GemmShape<int=4, int=4, int=1>>, int=1, bool>, int=1, cutlass::epilogue::threadblock::PredicatedTileIterator<cutlass::epilogue::threadblock::OutputTileOptimalThreadMap<cutlass::epilogue::threadblock::OutputTileShape<int=128, int=1, int=4, int=4, int=1>, cutlass::epilogue::threadblock::OutputTileShape<int=1, int=4, int=2, int=1, int=8>, int=256, int=1, int=32>, float>, cutlass::epilogue::warp::FragmentIteratorSimt<cutlass::gemm::GemmShape<int=32, int=64, int=8>, cutlass::gemm::thread::Mma<cutlass::gemm::GemmShape<int=8, int=8, int=1>, float, cutlass::layout::ColumnMajor, float, cutlass::layout::RowMajor, float, cutlass::layout::RowMajor, cutlass::arch::OpMultiplyAdd, bool>, cutlass::layout::RowMajor, cutlass::gemm::warp::MmaSimtPolicy<cutlass::MatrixShape<int=4, int=8>, cutlass::layout::RowMajorInterleaved<int=2>, cutlass::gemm::GemmShape<int=4, int=4, int=1>>>, cutlass::epilogue::warp::TileIteratorSimt<cutlass::gemm::GemmShape<int=32, int=64, int=8>, cutlass::gemm::thread::Mma<cutlass::gemm::GemmShape<int=8, int=8, int=1>, float, cutlass::layout::ColumnMajor, float, cutlass::layout::RowMajor, float, cutlass::layout::RowMajor, cutlass::arch::OpMultiplyAdd, bool>, float, cutlass::layout::RowMajor, cutlass::gemm::warp::MmaSimtPolicy<cutlass::MatrixShape<int=4, int=8>, cutlass::layout::RowMajorInterleaved<int=2>, cutlass::gemm::GemmShape<int=4, int=4, int=1>>>, cutlass::epilogue::threadblock::SharedLoadIterator<cutlass::epilogue::threadblock::OutputTileOptimalThreadMap<cutlass::epilogue::threadblock::OutputTileShape<int=128, int=1, int=4, int=4, int=1>::CompactedThreadMap, cutlass::epilogue::threadblock::OutputTileShape<int=1, int=4, int=2, int=1, int=8>, int=256, int=1, int=32>, float, int=4>, cutlass::epilogue::thread::LinearCombination<float",19980
20.005338,0.001568,,,,,,,,,,112,68.119594,"Pageable","Device","Tesla V100-PCIE-32GB (0)","1","7","[CUDA memcpy HtoD]",20000
20.005998,0.019872,2048,1,1,384,1,1,16,0.000000,0.000000,,,,,"Tesla V100-PCIE-32GB (0)","1","7","void scal_kernel_val<double, double>(cublasScalParamsVal<double, double>)",20114
20.006435,39.081293,6,3528,1,256,1,1,124,0.000000,16.250000,,,,,"Tesla V100-PCIE-32GB (0)","1","7","void cutlass::Kernel<cutlass::gemm::kernel::Gemm<cutlass::gemm::threadblock::MmaPipelined<cutlass::gemm::GemmShape<int=128, int=128, int=8>, cutlass::transform::threadblock::PredicatedTileIterator<cutlass::MatrixShape<int=128, int=8>, float, cutlass::layout::RowMajor, int=1, cutlass::transform::PitchLinearStripminedThreadMap<cutlass::layout::PitchLinearShape<int=8, int=128>, int=256, int=1>, int=1>, cutlass::transform::threadblock::RegularTileIterator<cutlass::MatrixShape<int=128, int=8>, float, cutlass::layout::ColumnMajor, int=1, cutlass::transform::TransposePitchLinearThreadMapSimt<cutlass::transform::PitchLinearStripminedThreadMap<cutlass::layout::PitchLinearShape<int=8, int=128>, int=256, int=1>>, int=4>, cutlass::transform::threadblock::PredicatedTileIterator<cutlass::MatrixShape<int=8, int=128>, float, cutlass::layout::RowMajor, int=0, cutlass::transform::PitchLinearStripminedThreadMap<cutlass::layout::PitchLinearShape<int=128, int=8>, int=256, int=1>, int=1>, cutlass::transform::threadblock::RegularTileIterator<cutlass::MatrixShape<int=8, int=128>, float, cutlass::layout::RowMajor, int=0, cutlass::transform::PitchLinearStripminedThreadMap<cutlass::layout::PitchLinearShape<int=128, int=8>, int=256, int=1>, int=4>, float, cutlass::layout::RowMajor, cutlass::gemm::threadblock::MmaPolicy<cutlass::gemm::warp::MmaSimt<cutlass::gemm::GemmShape<int=32, int=64, int=8>, float, cutlass::layout::ColumnMajor, float, cutlass::layout::RowMajor, float, cutlass::layout::RowMajor, cutlass::gemm::warp::MmaSimtPolicy<cutlass::MatrixShape<int=4, int=8>, cutlass::layout::RowMajorInterleaved<int=2>, cutlass::gemm::GemmShape<int=4, int=4, int=1>>, int=1, bool>, cutlass::MatrixShape<int=4, int=0>, cutlass::MatrixShape<int=0, int=0>, int=1>, cutlass::NumericArrayConverter<float, float, int=4, cutlass::FloatRoundStyle>, cutlass::NumericArrayConverter<float, float, int=4, cutlass::FloatRoundStyle>, bool>, cutlass::epilogue::threadblock::Epilogue<cutlass::gemm::GemmShape<int=128, int=128, int=8>, cutlass::gemm::warp::MmaSimt<cutlass::gemm::GemmShape<int=32, int=64, int=8>, float, cutlass::layout::ColumnMajor, float, cutlass::layout::RowMajor, float, cutlass::layout::RowMajor, cutlass::gemm::warp::MmaSimtPolicy<cutlass::MatrixShape<int=4, int=8>, cutlass::layout::RowMajorInterleaved<int=2>, cutlass::gemm::GemmShape<int=4, int=4, int=1>>, int=1, bool>, int=1, cutlass::epilogue::threadblock::PredicatedTileIterator<cutlass::epilogue::threadblock::OutputTileOptimalThreadMap<cutlass::epilogue::threadblock::OutputTileShape<int=128, int=1, int=4, int=4, int=1>, cutlass::epilogue::threadblock::OutputTileShape<int=1, int=4, int=2, int=1, int=8>, int=256, int=1, int=32>, float>, cutlass::epilogue::warp::FragmentIteratorSimt<cutlass::gemm::GemmShape<int=32, int=64, int=8>, cutlass::gemm::thread::Mma<cutlass::gemm::GemmShape<int=8, int=8, int=1>, float, cutlass::layout::ColumnMajor, float, cutlass::layout::RowMajor, float, cutlass::layout::RowMajor, cutlass::arch::OpMultiplyAdd, bool>, cutlass::layout::RowMajor, cutlass::gemm::warp::MmaSimtPolicy<cutlass::MatrixShape<int=4, int=8>, cutlass::layout::RowMajorInterleaved<int=2>, cutlass::gemm::GemmShape<int=4, int=4, int=1>>>, cutlass::epilogue::warp::TileIteratorSimt<cutlass::gemm::GemmShape<int=32, int=64, int=8>, cutlass::gemm::thread::Mma<cutlass::gemm::GemmShape<int=8, int=8, int=1>, float, cutlass::layout::ColumnMajor, float, cutlass::layout::RowMajor, float, cutlass::layout::RowMajor, cutlass::arch::OpMultiplyAdd, bool>, float, cutlass::layout::RowMajor, cutlass::gemm::warp::MmaSimtPolicy<cutlass::MatrixShape<int=4, int=8>, cutlass::layout::RowMajorInterleaved<int=2>, cutlass::gemm::GemmShape<int=4, int=4, int=1>>>, cutlass::epilogue::threadblock::SharedLoadIterator<cutlass::epilogue::threadblock::OutputTileOptimalThreadMap<cutlass::epilogue::threadblock::OutputTileShape<int=128, int=1, int=4, int=4, int=1>::CompactedThreadMap, cutlass::epilogue::threadblock::OutputTileShape<int=1, int=4, int=2, int=1, int=8>, int=256, int=1, int=32>, float, int=4>, cutlass::epilogue::thread::LinearCombination<float",20143
20.045525,0.001472,,,,,,,,,,112,72.562176,"Pageable","Device","Tesla V100-PCIE-32GB (0)","1","7","[CUDA memcpy HtoD]",20163
20.046191,0.020319,2048,1,1,384,1,1,16,0.000000,0.000000,,,,,"Tesla V100-PCIE-32GB (0)","1","7","void scal_kernel_val<double, double>(cublasScalParamsVal<double, double>)",20277
20.046644,39.075373,6,3528,1,256,1,1,124,0.000000,16.250000,,,,,"Tesla V100-PCIE-32GB (0)","1","7","void cutlass::Kernel<cutlass::gemm::kernel::Gemm<cutlass::gemm::threadblock::MmaPipelined<cutlass::gemm::GemmShape<int=128, int=128, int=8>, cutlass::transform::threadblock::PredicatedTileIterator<cutlass::MatrixShape<int=128, int=8>, float, cutlass::layout::RowMajor, int=1, cutlass::transform::PitchLinearStripminedThreadMap<cutlass::layout::PitchLinearShape<int=8, int=128>, int=256, int=1>, int=1>, cutlass::transform::threadblock::RegularTileIterator<cutlass::MatrixShape<int=128, int=8>, float, cutlass::layout::ColumnMajor, int=1, cutlass::transform::TransposePitchLinearThreadMapSimt<cutlass::transform::PitchLinearStripminedThreadMap<cutlass::layout::PitchLinearShape<int=8, int=128>, int=256, int=1>>, int=4>, cutlass::transform::threadblock::PredicatedTileIterator<cutlass::MatrixShape<int=8, int=128>, float, cutlass::layout::RowMajor, int=0, cutlass::transform::PitchLinearStripminedThreadMap<cutlass::layout::PitchLinearShape<int=128, int=8>, int=256, int=1>, int=1>, cutlass::transform::threadblock::RegularTileIterator<cutlass::MatrixShape<int=8, int=128>, float, cutlass::layout::RowMajor, int=0, cutlass::transform::PitchLinearStripminedThreadMap<cutlass::layout::PitchLinearShape<int=128, int=8>, int=256, int=1>, int=4>, float, cutlass::layout::RowMajor, cutlass::gemm::threadblock::MmaPolicy<cutlass::gemm::warp::MmaSimt<cutlass::gemm::GemmShape<int=32, int=64, int=8>, float, cutlass::layout::ColumnMajor, float, cutlass::layout::RowMajor, float, cutlass::layout::RowMajor, cutlass::gemm::warp::MmaSimtPolicy<cutlass::MatrixShape<int=4, int=8>, cutlass::layout::RowMajorInterleaved<int=2>, cutlass::gemm::GemmShape<int=4, int=4, int=1>>, int=1, bool>, cutlass::MatrixShape<int=4, int=0>, cutlass::MatrixShape<int=0, int=0>, int=1>, cutlass::NumericArrayConverter<float, float, int=4, cutlass::FloatRoundStyle>, cutlass::NumericArrayConverter<float, float, int=4, cutlass::FloatRoundStyle>, bool>, cutlass::epilogue::threadblock::Epilogue<cutlass::gemm::GemmShape<int=128, int=128, int=8>, cutlass::gemm::warp::MmaSimt<cutlass::gemm::GemmShape<int=32, int=64, int=8>, float, cutlass::layout::ColumnMajor, float, cutlass::layout::RowMajor, float, cutlass::layout::RowMajor, cutlass::gemm::warp::MmaSimtPolicy<cutlass::MatrixShape<int=4, int=8>, cutlass::layout::RowMajorInterleaved<int=2>, cutlass::gemm::GemmShape<int=4, int=4, int=1>>, int=1, bool>, int=1, cutlass::epilogue::threadblock::PredicatedTileIterator<cutlass::epilogue::threadblock::OutputTileOptimalThreadMap<cutlass::epilogue::threadblock::OutputTileShape<int=128, int=1, int=4, int=4, int=1>, cutlass::epilogue::threadblock::OutputTileShape<int=1, int=4, int=2, int=1, int=8>, int=256, int=1, int=32>, float>, cutlass::epilogue::warp::FragmentIteratorSimt<cutlass::gemm::GemmShape<int=32, int=64, int=8>, cutlass::gemm::thread::Mma<cutlass::gemm::GemmShape<int=8, int=8, int=1>, float, cutlass::layout::ColumnMajor, float, cutlass::layout::RowMajor, float, cutlass::layout::RowMajor, cutlass::arch::OpMultiplyAdd, bool>, cutlass::layout::RowMajor, cutlass::gemm::warp::MmaSimtPolicy<cutlass::MatrixShape<int=4, int=8>, cutlass::layout::RowMajorInterleaved<int=2>, cutlass::gemm::GemmShape<int=4, int=4, int=1>>>, cutlass::epilogue::warp::TileIteratorSimt<cutlass::gemm::GemmShape<int=32, int=64, int=8>, cutlass::gemm::thread::Mma<cutlass::gemm::GemmShape<int=8, int=8, int=1>, float, cutlass::layout::ColumnMajor, float, cutlass::layout::RowMajor, float, cutlass::layout::RowMajor, cutlass::arch::OpMultiplyAdd, bool>, float, cutlass::layout::RowMajor, cutlass::gemm::warp::MmaSimtPolicy<cutlass::MatrixShape<int=4, int=8>, cutlass::layout::RowMajorInterleaved<int=2>, cutlass::gemm::GemmShape<int=4, int=4, int=1>>>, cutlass::epilogue::threadblock::SharedLoadIterator<cutlass::epilogue::threadblock::OutputTileOptimalThreadMap<cutlass::epilogue::threadblock::OutputTileShape<int=128, int=1, int=4, int=4, int=1>::CompactedThreadMap, cutlass::epilogue::threadblock::OutputTileShape<int=1, int=4, int=2, int=1, int=8>, int=256, int=1, int=32>, float, int=4>, cutlass::epilogue::thread::LinearCombination<float",20306
20.085728,0.001472,,,,,,,,,,112,72.562176,"Pageable","Device","Tesla V100-PCIE-32GB (0)","1","7","[CUDA memcpy HtoD]",20326
20.086397,0.020224,2048,1,1,384,1,1,16,0.000000,0.000000,,,,,"Tesla V100-PCIE-32GB (0)","1","7","void scal_kernel_val<double, double>(cublasScalParamsVal<double, double>)",20440
20.086826,39.076781,6,3528,1,256,1,1,124,0.000000,16.250000,,,,,"Tesla V100-PCIE-32GB (0)","1","7","void cutlass::Kernel<cutlass::gemm::kernel::Gemm<cutlass::gemm::threadblock::MmaPipelined<cutlass::gemm::GemmShape<int=128, int=128, int=8>, cutlass::transform::threadblock::PredicatedTileIterator<cutlass::MatrixShape<int=128, int=8>, float, cutlass::layout::RowMajor, int=1, cutlass::transform::PitchLinearStripminedThreadMap<cutlass::layout::PitchLinearShape<int=8, int=128>, int=256, int=1>, int=1>, cutlass::transform::threadblock::RegularTileIterator<cutlass::MatrixShape<int=128, int=8>, float, cutlass::layout::ColumnMajor, int=1, cutlass::transform::TransposePitchLinearThreadMapSimt<cutlass::transform::PitchLinearStripminedThreadMap<cutlass::layout::PitchLinearShape<int=8, int=128>, int=256, int=1>>, int=4>, cutlass::transform::threadblock::PredicatedTileIterator<cutlass::MatrixShape<int=8, int=128>, float, cutlass::layout::RowMajor, int=0, cutlass::transform::PitchLinearStripminedThreadMap<cutlass::layout::PitchLinearShape<int=128, int=8>, int=256, int=1>, int=1>, cutlass::transform::threadblock::RegularTileIterator<cutlass::MatrixShape<int=8, int=128>, float, cutlass::layout::RowMajor, int=0, cutlass::transform::PitchLinearStripminedThreadMap<cutlass::layout::PitchLinearShape<int=128, int=8>, int=256, int=1>, int=4>, float, cutlass::layout::RowMajor, cutlass::gemm::threadblock::MmaPolicy<cutlass::gemm::warp::MmaSimt<cutlass::gemm::GemmShape<int=32, int=64, int=8>, float, cutlass::layout::ColumnMajor, float, cutlass::layout::RowMajor, float, cutlass::layout::RowMajor, cutlass::gemm::warp::MmaSimtPolicy<cutlass::MatrixShape<int=4, int=8>, cutlass::layout::RowMajorInterleaved<int=2>, cutlass::gemm::GemmShape<int=4, int=4, int=1>>, int=1, bool>, cutlass::MatrixShape<int=4, int=0>, cutlass::MatrixShape<int=0, int=0>, int=1>, cutlass::NumericArrayConverter<float, float, int=4, cutlass::FloatRoundStyle>, cutlass::NumericArrayConverter<float, float, int=4, cutlass::FloatRoundStyle>, bool>, cutlass::epilogue::threadblock::Epilogue<cutlass::gemm::GemmShape<int=128, int=128, int=8>, cutlass::gemm::warp::MmaSimt<cutlass::gemm::GemmShape<int=32, int=64, int=8>, float, cutlass::layout::ColumnMajor, float, cutlass::layout::RowMajor, float, cutlass::layout::RowMajor, cutlass::gemm::warp::MmaSimtPolicy<cutlass::MatrixShape<int=4, int=8>, cutlass::layout::RowMajorInterleaved<int=2>, cutlass::gemm::GemmShape<int=4, int=4, int=1>>, int=1, bool>, int=1, cutlass::epilogue::threadblock::PredicatedTileIterator<cutlass::epilogue::threadblock::OutputTileOptimalThreadMap<cutlass::epilogue::threadblock::OutputTileShape<int=128, int=1, int=4, int=4, int=1>, cutlass::epilogue::threadblock::OutputTileShape<int=1, int=4, int=2, int=1, int=8>, int=256, int=1, int=32>, float>, cutlass::epilogue::warp::FragmentIteratorSimt<cutlass::gemm::GemmShape<int=32, int=64, int=8>, cutlass::gemm::thread::Mma<cutlass::gemm::GemmShape<int=8, int=8, int=1>, float, cutlass::layout::ColumnMajor, float, cutlass::layout::RowMajor, float, cutlass::layout::RowMajor, cutlass::arch::OpMultiplyAdd, bool>, cutlass::layout::RowMajor, cutlass::gemm::warp::MmaSimtPolicy<cutlass::MatrixShape<int=4, int=8>, cutlass::layout::RowMajorInterleaved<int=2>, cutlass::gemm::GemmShape<int=4, int=4, int=1>>>, cutlass::epilogue::warp::TileIteratorSimt<cutlass::gemm::GemmShape<int=32, int=64, int=8>, cutlass::gemm::thread::Mma<cutlass::gemm::GemmShape<int=8, int=8, int=1>, float, cutlass::layout::ColumnMajor, float, cutlass::layout::RowMajor, float, cutlass::layout::RowMajor, cutlass::arch::OpMultiplyAdd, bool>, float, cutlass::layout::RowMajor, cutlass::gemm::warp::MmaSimtPolicy<cutlass::MatrixShape<int=4, int=8>, cutlass::layout::RowMajorInterleaved<int=2>, cutlass::gemm::GemmShape<int=4, int=4, int=1>>>, cutlass::epilogue::threadblock::SharedLoadIterator<cutlass::epilogue::threadblock::OutputTileOptimalThreadMap<cutlass::epilogue::threadblock::OutputTileShape<int=128, int=1, int=4, int=4, int=1>::CompactedThreadMap, cutlass::epilogue::threadblock::OutputTileShape<int=1, int=4, int=2, int=1, int=8>, int=256, int=1, int=32>, float, int=4>, cutlass::epilogue::thread::LinearCombination<float",20469
20.125912,0.001472,,,,,,,,,,112,72.562176,"Pageable","Device","Tesla V100-PCIE-32GB (0)","1","7","[CUDA memcpy HtoD]",20489
20.126577,0.020064,2048,1,1,384,1,1,16,0.000000,0.000000,,,,,"Tesla V100-PCIE-32GB (0)","1","7","void scal_kernel_val<double, double>(cublasScalParamsVal<double, double>)",20603
20.127007,39.084397,6,3528,1,256,1,1,124,0.000000,16.250000,,,,,"Tesla V100-PCIE-32GB (0)","1","7","void cutlass::Kernel<cutlass::gemm::kernel::Gemm<cutlass::gemm::threadblock::MmaPipelined<cutlass::gemm::GemmShape<int=128, int=128, int=8>, cutlass::transform::threadblock::PredicatedTileIterator<cutlass::MatrixShape<int=128, int=8>, float, cutlass::layout::RowMajor, int=1, cutlass::transform::PitchLinearStripminedThreadMap<cutlass::layout::PitchLinearShape<int=8, int=128>, int=256, int=1>, int=1>, cutlass::transform::threadblock::RegularTileIterator<cutlass::MatrixShape<int=128, int=8>, float, cutlass::layout::ColumnMajor, int=1, cutlass::transform::TransposePitchLinearThreadMapSimt<cutlass::transform::PitchLinearStripminedThreadMap<cutlass::layout::PitchLinearShape<int=8, int=128>, int=256, int=1>>, int=4>, cutlass::transform::threadblock::PredicatedTileIterator<cutlass::MatrixShape<int=8, int=128>, float, cutlass::layout::RowMajor, int=0, cutlass::transform::PitchLinearStripminedThreadMap<cutlass::layout::PitchLinearShape<int=128, int=8>, int=256, int=1>, int=1>, cutlass::transform::threadblock::RegularTileIterator<cutlass::MatrixShape<int=8, int=128>, float, cutlass::layout::RowMajor, int=0, cutlass::transform::PitchLinearStripminedThreadMap<cutlass::layout::PitchLinearShape<int=128, int=8>, int=256, int=1>, int=4>, float, cutlass::layout::RowMajor, cutlass::gemm::threadblock::MmaPolicy<cutlass::gemm::warp::MmaSimt<cutlass::gemm::GemmShape<int=32, int=64, int=8>, float, cutlass::layout::ColumnMajor, float, cutlass::layout::RowMajor, float, cutlass::layout::RowMajor, cutlass::gemm::warp::MmaSimtPolicy<cutlass::MatrixShape<int=4, int=8>, cutlass::layout::RowMajorInterleaved<int=2>, cutlass::gemm::GemmShape<int=4, int=4, int=1>>, int=1, bool>, cutlass::MatrixShape<int=4, int=0>, cutlass::MatrixShape<int=0, int=0>, int=1>, cutlass::NumericArrayConverter<float, float, int=4, cutlass::FloatRoundStyle>, cutlass::NumericArrayConverter<float, float, int=4, cutlass::FloatRoundStyle>, bool>, cutlass::epilogue::threadblock::Epilogue<cutlass::gemm::GemmShape<int=128, int=128, int=8>, cutlass::gemm::warp::MmaSimt<cutlass::gemm::GemmShape<int=32, int=64, int=8>, float, cutlass::layout::ColumnMajor, float, cutlass::layout::RowMajor, float, cutlass::layout::RowMajor, cutlass::gemm::warp::MmaSimtPolicy<cutlass::MatrixShape<int=4, int=8>, cutlass::layout::RowMajorInterleaved<int=2>, cutlass::gemm::GemmShape<int=4, int=4, int=1>>, int=1, bool>, int=1, cutlass::epilogue::threadblock::PredicatedTileIterator<cutlass::epilogue::threadblock::OutputTileOptimalThreadMap<cutlass::epilogue::threadblock::OutputTileShape<int=128, int=1, int=4, int=4, int=1>, cutlass::epilogue::threadblock::OutputTileShape<int=1, int=4, int=2, int=1, int=8>, int=256, int=1, int=32>, float>, cutlass::epilogue::warp::FragmentIteratorSimt<cutlass::gemm::GemmShape<int=32, int=64, int=8>, cutlass::gemm::thread::Mma<cutlass::gemm::GemmShape<int=8, int=8, int=1>, float, cutlass::layout::ColumnMajor, float, cutlass::layout::RowMajor, float, cutlass::layout::RowMajor, cutlass::arch::OpMultiplyAdd, bool>, cutlass::layout::RowMajor, cutlass::gemm::warp::MmaSimtPolicy<cutlass::MatrixShape<int=4, int=8>, cutlass::layout::RowMajorInterleaved<int=2>, cutlass::gemm::GemmShape<int=4, int=4, int=1>>>, cutlass::epilogue::warp::TileIteratorSimt<cutlass::gemm::GemmShape<int=32, int=64, int=8>, cutlass::gemm::thread::Mma<cutlass::gemm::GemmShape<int=8, int=8, int=1>, float, cutlass::layout::ColumnMajor, float, cutlass::layout::RowMajor, float, cutlass::layout::RowMajor, cutlass::arch::OpMultiplyAdd, bool>, float, cutlass::layout::RowMajor, cutlass::gemm::warp::MmaSimtPolicy<cutlass::MatrixShape<int=4, int=8>, cutlass::layout::RowMajorInterleaved<int=2>, cutlass::gemm::GemmShape<int=4, int=4, int=1>>>, cutlass::epilogue::threadblock::SharedLoadIterator<cutlass::epilogue::threadblock::OutputTileOptimalThreadMap<cutlass::epilogue::threadblock::OutputTileShape<int=128, int=1, int=4, int=4, int=1>::CompactedThreadMap, cutlass::epilogue::threadblock::OutputTileShape<int=1, int=4, int=2, int=1, int=8>, int=256, int=1, int=32>, float, int=4>, cutlass::epilogue::thread::LinearCombination<float",20632
20.166100,0.001472,,,,,,,,,,112,72.562176,"Pageable","Device","Tesla V100-PCIE-32GB (0)","1","7","[CUDA memcpy HtoD]",20652
20.166763,0.020479,2048,1,1,384,1,1,16,0.000000,0.000000,,,,,"Tesla V100-PCIE-32GB (0)","1","7","void scal_kernel_val<double, double>(cublasScalParamsVal<double, double>)",20766
20.167193,39.076237,6,3528,1,256,1,1,124,0.000000,16.250000,,,,,"Tesla V100-PCIE-32GB (0)","1","7","void cutlass::Kernel<cutlass::gemm::kernel::Gemm<cutlass::gemm::threadblock::MmaPipelined<cutlass::gemm::GemmShape<int=128, int=128, int=8>, cutlass::transform::threadblock::PredicatedTileIterator<cutlass::MatrixShape<int=128, int=8>, float, cutlass::layout::RowMajor, int=1, cutlass::transform::PitchLinearStripminedThreadMap<cutlass::layout::PitchLinearShape<int=8, int=128>, int=256, int=1>, int=1>, cutlass::transform::threadblock::RegularTileIterator<cutlass::MatrixShape<int=128, int=8>, float, cutlass::layout::ColumnMajor, int=1, cutlass::transform::TransposePitchLinearThreadMapSimt<cutlass::transform::PitchLinearStripminedThreadMap<cutlass::layout::PitchLinearShape<int=8, int=128>, int=256, int=1>>, int=4>, cutlass::transform::threadblock::PredicatedTileIterator<cutlass::MatrixShape<int=8, int=128>, float, cutlass::layout::RowMajor, int=0, cutlass::transform::PitchLinearStripminedThreadMap<cutlass::layout::PitchLinearShape<int=128, int=8>, int=256, int=1>, int=1>, cutlass::transform::threadblock::RegularTileIterator<cutlass::MatrixShape<int=8, int=128>, float, cutlass::layout::RowMajor, int=0, cutlass::transform::PitchLinearStripminedThreadMap<cutlass::layout::PitchLinearShape<int=128, int=8>, int=256, int=1>, int=4>, float, cutlass::layout::RowMajor, cutlass::gemm::threadblock::MmaPolicy<cutlass::gemm::warp::MmaSimt<cutlass::gemm::GemmShape<int=32, int=64, int=8>, float, cutlass::layout::ColumnMajor, float, cutlass::layout::RowMajor, float, cutlass::layout::RowMajor, cutlass::gemm::warp::MmaSimtPolicy<cutlass::MatrixShape<int=4, int=8>, cutlass::layout::RowMajorInterleaved<int=2>, cutlass::gemm::GemmShape<int=4, int=4, int=1>>, int=1, bool>, cutlass::MatrixShape<int=4, int=0>, cutlass::MatrixShape<int=0, int=0>, int=1>, cutlass::NumericArrayConverter<float, float, int=4, cutlass::FloatRoundStyle>, cutlass::NumericArrayConverter<float, float, int=4, cutlass::FloatRoundStyle>, bool>, cutlass::epilogue::threadblock::Epilogue<cutlass::gemm::GemmShape<int=128, int=128, int=8>, cutlass::gemm::warp::MmaSimt<cutlass::gemm::GemmShape<int=32, int=64, int=8>, float, cutlass::layout::ColumnMajor, float, cutlass::layout::RowMajor, float, cutlass::layout::RowMajor, cutlass::gemm::warp::MmaSimtPolicy<cutlass::MatrixShape<int=4, int=8>, cutlass::layout::RowMajorInterleaved<int=2>, cutlass::gemm::GemmShape<int=4, int=4, int=1>>, int=1, bool>, int=1, cutlass::epilogue::threadblock::PredicatedTileIterator<cutlass::epilogue::threadblock::OutputTileOptimalThreadMap<cutlass::epilogue::threadblock::OutputTileShape<int=128, int=1, int=4, int=4, int=1>, cutlass::epilogue::threadblock::OutputTileShape<int=1, int=4, int=2, int=1, int=8>, int=256, int=1, int=32>, float>, cutlass::epilogue::warp::FragmentIteratorSimt<cutlass::gemm::GemmShape<int=32, int=64, int=8>, cutlass::gemm::thread::Mma<cutlass::gemm::GemmShape<int=8, int=8, int=1>, float, cutlass::layout::ColumnMajor, float, cutlass::layout::RowMajor, float, cutlass::layout::RowMajor, cutlass::arch::OpMultiplyAdd, bool>, cutlass::layout::RowMajor, cutlass::gemm::warp::MmaSimtPolicy<cutlass::MatrixShape<int=4, int=8>, cutlass::layout::RowMajorInterleaved<int=2>, cutlass::gemm::GemmShape<int=4, int=4, int=1>>>, cutlass::epilogue::warp::TileIteratorSimt<cutlass::gemm::GemmShape<int=32, int=64, int=8>, cutlass::gemm::thread::Mma<cutlass::gemm::GemmShape<int=8, int=8, int=1>, float, cutlass::layout::ColumnMajor, float, cutlass::layout::RowMajor, float, cutlass::layout::RowMajor, cutlass::arch::OpMultiplyAdd, bool>, float, cutlass::layout::RowMajor, cutlass::gemm::warp::MmaSimtPolicy<cutlass::MatrixShape<int=4, int=8>, cutlass::layout::RowMajorInterleaved<int=2>, cutlass::gemm::GemmShape<int=4, int=4, int=1>>>, cutlass::epilogue::threadblock::SharedLoadIterator<cutlass::epilogue::threadblock::OutputTileOptimalThreadMap<cutlass::epilogue::threadblock::OutputTileShape<int=128, int=1, int=4, int=4, int=1>::CompactedThreadMap, cutlass::epilogue::threadblock::OutputTileShape<int=1, int=4, int=2, int=1, int=8>, int=256, int=1, int=32>, float, int=4>, cutlass::epilogue::thread::LinearCombination<float",20795
20.206278,0.001472,,,,,,,,,,112,72.562176,"Pageable","Device","Tesla V100-PCIE-32GB (0)","1","7","[CUDA memcpy HtoD]",20815
20.206935,0.020032,2048,1,1,384,1,1,16,0.000000,0.000000,,,,,"Tesla V100-PCIE-32GB (0)","1","7","void scal_kernel_val<double, double>(cublasScalParamsVal<double, double>)",20929
20.207373,39.076141,6,3528,1,256,1,1,124,0.000000,16.250000,,,,,"Tesla V100-PCIE-32GB (0)","1","7","void cutlass::Kernel<cutlass::gemm::kernel::Gemm<cutlass::gemm::threadblock::MmaPipelined<cutlass::gemm::GemmShape<int=128, int=128, int=8>, cutlass::transform::threadblock::PredicatedTileIterator<cutlass::MatrixShape<int=128, int=8>, float, cutlass::layout::RowMajor, int=1, cutlass::transform::PitchLinearStripminedThreadMap<cutlass::layout::PitchLinearShape<int=8, int=128>, int=256, int=1>, int=1>, cutlass::transform::threadblock::RegularTileIterator<cutlass::MatrixShape<int=128, int=8>, float, cutlass::layout::ColumnMajor, int=1, cutlass::transform::TransposePitchLinearThreadMapSimt<cutlass::transform::PitchLinearStripminedThreadMap<cutlass::layout::PitchLinearShape<int=8, int=128>, int=256, int=1>>, int=4>, cutlass::transform::threadblock::PredicatedTileIterator<cutlass::MatrixShape<int=8, int=128>, float, cutlass::layout::RowMajor, int=0, cutlass::transform::PitchLinearStripminedThreadMap<cutlass::layout::PitchLinearShape<int=128, int=8>, int=256, int=1>, int=1>, cutlass::transform::threadblock::RegularTileIterator<cutlass::MatrixShape<int=8, int=128>, float, cutlass::layout::RowMajor, int=0, cutlass::transform::PitchLinearStripminedThreadMap<cutlass::layout::PitchLinearShape<int=128, int=8>, int=256, int=1>, int=4>, float, cutlass::layout::RowMajor, cutlass::gemm::threadblock::MmaPolicy<cutlass::gemm::warp::MmaSimt<cutlass::gemm::GemmShape<int=32, int=64, int=8>, float, cutlass::layout::ColumnMajor, float, cutlass::layout::RowMajor, float, cutlass::layout::RowMajor, cutlass::gemm::warp::MmaSimtPolicy<cutlass::MatrixShape<int=4, int=8>, cutlass::layout::RowMajorInterleaved<int=2>, cutlass::gemm::GemmShape<int=4, int=4, int=1>>, int=1, bool>, cutlass::MatrixShape<int=4, int=0>, cutlass::MatrixShape<int=0, int=0>, int=1>, cutlass::NumericArrayConverter<float, float, int=4, cutlass::FloatRoundStyle>, cutlass::NumericArrayConverter<float, float, int=4, cutlass::FloatRoundStyle>, bool>, cutlass::epilogue::threadblock::Epilogue<cutlass::gemm::GemmShape<int=128, int=128, int=8>, cutlass::gemm::warp::MmaSimt<cutlass::gemm::GemmShape<int=32, int=64, int=8>, float, cutlass::layout::ColumnMajor, float, cutlass::layout::RowMajor, float, cutlass::layout::RowMajor, cutlass::gemm::warp::MmaSimtPolicy<cutlass::MatrixShape<int=4, int=8>, cutlass::layout::RowMajorInterleaved<int=2>, cutlass::gemm::GemmShape<int=4, int=4, int=1>>, int=1, bool>, int=1, cutlass::epilogue::threadblock::PredicatedTileIterator<cutlass::epilogue::threadblock::OutputTileOptimalThreadMap<cutlass::epilogue::threadblock::OutputTileShape<int=128, int=1, int=4, int=4, int=1>, cutlass::epilogue::threadblock::OutputTileShape<int=1, int=4, int=2, int=1, int=8>, int=256, int=1, int=32>, float>, cutlass::epilogue::warp::FragmentIteratorSimt<cutlass::gemm::GemmShape<int=32, int=64, int=8>, cutlass::gemm::thread::Mma<cutlass::gemm::GemmShape<int=8, int=8, int=1>, float, cutlass::layout::ColumnMajor, float, cutlass::layout::RowMajor, float, cutlass::layout::RowMajor, cutlass::arch::OpMultiplyAdd, bool>, cutlass::layout::RowMajor, cutlass::gemm::warp::MmaSimtPolicy<cutlass::MatrixShape<int=4, int=8>, cutlass::layout::RowMajorInterleaved<int=2>, cutlass::gemm::GemmShape<int=4, int=4, int=1>>>, cutlass::epilogue::warp::TileIteratorSimt<cutlass::gemm::GemmShape<int=32, int=64, int=8>, cutlass::gemm::thread::Mma<cutlass::gemm::GemmShape<int=8, int=8, int=1>, float, cutlass::layout::ColumnMajor, float, cutlass::layout::RowMajor, float, cutlass::layout::RowMajor, cutlass::arch::OpMultiplyAdd, bool>, float, cutlass::layout::RowMajor, cutlass::gemm::warp::MmaSimtPolicy<cutlass::MatrixShape<int=4, int=8>, cutlass::layout::RowMajorInterleaved<int=2>, cutlass::gemm::GemmShape<int=4, int=4, int=1>>>, cutlass::epilogue::threadblock::SharedLoadIterator<cutlass::epilogue::threadblock::OutputTileOptimalThreadMap<cutlass::epilogue::threadblock::OutputTileShape<int=128, int=1, int=4, int=4, int=1>::CompactedThreadMap, cutlass::epilogue::threadblock::OutputTileShape<int=1, int=4, int=2, int=1, int=8>, int=256, int=1, int=32>, float, int=4>, cutlass::epilogue::thread::LinearCombination<float",20958
20.246457,0.001472,,,,,,,,,,112,72.562176,"Pageable","Device","Tesla V100-PCIE-32GB (0)","1","7","[CUDA memcpy HtoD]",20978
20.247134,0.020544,2048,1,1,384,1,1,16,0.000000,0.000000,,,,,"Tesla V100-PCIE-32GB (0)","1","7","void scal_kernel_val<double, double>(cublasScalParamsVal<double, double>)",21092
20.247581,39.081101,6,3528,1,256,1,1,124,0.000000,16.250000,,,,,"Tesla V100-PCIE-32GB (0)","1","7","void cutlass::Kernel<cutlass::gemm::kernel::Gemm<cutlass::gemm::threadblock::MmaPipelined<cutlass::gemm::GemmShape<int=128, int=128, int=8>, cutlass::transform::threadblock::PredicatedTileIterator<cutlass::MatrixShape<int=128, int=8>, float, cutlass::layout::RowMajor, int=1, cutlass::transform::PitchLinearStripminedThreadMap<cutlass::layout::PitchLinearShape<int=8, int=128>, int=256, int=1>, int=1>, cutlass::transform::threadblock::RegularTileIterator<cutlass::MatrixShape<int=128, int=8>, float, cutlass::layout::ColumnMajor, int=1, cutlass::transform::TransposePitchLinearThreadMapSimt<cutlass::transform::PitchLinearStripminedThreadMap<cutlass::layout::PitchLinearShape<int=8, int=128>, int=256, int=1>>, int=4>, cutlass::transform::threadblock::PredicatedTileIterator<cutlass::MatrixShape<int=8, int=128>, float, cutlass::layout::RowMajor, int=0, cutlass::transform::PitchLinearStripminedThreadMap<cutlass::layout::PitchLinearShape<int=128, int=8>, int=256, int=1>, int=1>, cutlass::transform::threadblock::RegularTileIterator<cutlass::MatrixShape<int=8, int=128>, float, cutlass::layout::RowMajor, int=0, cutlass::transform::PitchLinearStripminedThreadMap<cutlass::layout::PitchLinearShape<int=128, int=8>, int=256, int=1>, int=4>, float, cutlass::layout::RowMajor, cutlass::gemm::threadblock::MmaPolicy<cutlass::gemm::warp::MmaSimt<cutlass::gemm::GemmShape<int=32, int=64, int=8>, float, cutlass::layout::ColumnMajor, float, cutlass::layout::RowMajor, float, cutlass::layout::RowMajor, cutlass::gemm::warp::MmaSimtPolicy<cutlass::MatrixShape<int=4, int=8>, cutlass::layout::RowMajorInterleaved<int=2>, cutlass::gemm::GemmShape<int=4, int=4, int=1>>, int=1, bool>, cutlass::MatrixShape<int=4, int=0>, cutlass::MatrixShape<int=0, int=0>, int=1>, cutlass::NumericArrayConverter<float, float, int=4, cutlass::FloatRoundStyle>, cutlass::NumericArrayConverter<float, float, int=4, cutlass::FloatRoundStyle>, bool>, cutlass::epilogue::threadblock::Epilogue<cutlass::gemm::GemmShape<int=128, int=128, int=8>, cutlass::gemm::warp::MmaSimt<cutlass::gemm::GemmShape<int=32, int=64, int=8>, float, cutlass::layout::ColumnMajor, float, cutlass::layout::RowMajor, float, cutlass::layout::RowMajor, cutlass::gemm::warp::MmaSimtPolicy<cutlass::MatrixShape<int=4, int=8>, cutlass::layout::RowMajorInterleaved<int=2>, cutlass::gemm::GemmShape<int=4, int=4, int=1>>, int=1, bool>, int=1, cutlass::epilogue::threadblock::PredicatedTileIterator<cutlass::epilogue::threadblock::OutputTileOptimalThreadMap<cutlass::epilogue::threadblock::OutputTileShape<int=128, int=1, int=4, int=4, int=1>, cutlass::epilogue::threadblock::OutputTileShape<int=1, int=4, int=2, int=1, int=8>, int=256, int=1, int=32>, float>, cutlass::epilogue::warp::FragmentIteratorSimt<cutlass::gemm::GemmShape<int=32, int=64, int=8>, cutlass::gemm::thread::Mma<cutlass::gemm::GemmShape<int=8, int=8, int=1>, float, cutlass::layout::ColumnMajor, float, cutlass::layout::RowMajor, float, cutlass::layout::RowMajor, cutlass::arch::OpMultiplyAdd, bool>, cutlass::layout::RowMajor, cutlass::gemm::warp::MmaSimtPolicy<cutlass::MatrixShape<int=4, int=8>, cutlass::layout::RowMajorInterleaved<int=2>, cutlass::gemm::GemmShape<int=4, int=4, int=1>>>, cutlass::epilogue::warp::TileIteratorSimt<cutlass::gemm::GemmShape<int=32, int=64, int=8>, cutlass::gemm::thread::Mma<cutlass::gemm::GemmShape<int=8, int=8, int=1>, float, cutlass::layout::ColumnMajor, float, cutlass::layout::RowMajor, float, cutlass::layout::RowMajor, cutlass::arch::OpMultiplyAdd, bool>, float, cutlass::layout::RowMajor, cutlass::gemm::warp::MmaSimtPolicy<cutlass::MatrixShape<int=4, int=8>, cutlass::layout::RowMajorInterleaved<int=2>, cutlass::gemm::GemmShape<int=4, int=4, int=1>>>, cutlass::epilogue::threadblock::SharedLoadIterator<cutlass::epilogue::threadblock::OutputTileOptimalThreadMap<cutlass::epilogue::threadblock::OutputTileShape<int=128, int=1, int=4, int=4, int=1>::CompactedThreadMap, cutlass::epilogue::threadblock::OutputTileShape<int=1, int=4, int=2, int=1, int=8>, int=256, int=1, int=32>, float, int=4>, cutlass::epilogue::thread::LinearCombination<float",21121
20.286671,0.001504,,,,,,,,,,112,71.018300,"Pageable","Device","Tesla V100-PCIE-32GB (0)","1","7","[CUDA memcpy HtoD]",21141
20.287333,0.019904,2048,1,1,384,1,1,16,0.000000,0.000000,,,,,"Tesla V100-PCIE-32GB (0)","1","7","void scal_kernel_val<double, double>(cublasScalParamsVal<double, double>)",21255
20.287767,39.070637,6,3528,1,256,1,1,124,0.000000,16.250000,,,,,"Tesla V100-PCIE-32GB (0)","1","7","void cutlass::Kernel<cutlass::gemm::kernel::Gemm<cutlass::gemm::threadblock::MmaPipelined<cutlass::gemm::GemmShape<int=128, int=128, int=8>, cutlass::transform::threadblock::PredicatedTileIterator<cutlass::MatrixShape<int=128, int=8>, float, cutlass::layout::RowMajor, int=1, cutlass::transform::PitchLinearStripminedThreadMap<cutlass::layout::PitchLinearShape<int=8, int=128>, int=256, int=1>, int=1>, cutlass::transform::threadblock::RegularTileIterator<cutlass::MatrixShape<int=128, int=8>, float, cutlass::layout::ColumnMajor, int=1, cutlass::transform::TransposePitchLinearThreadMapSimt<cutlass::transform::PitchLinearStripminedThreadMap<cutlass::layout::PitchLinearShape<int=8, int=128>, int=256, int=1>>, int=4>, cutlass::transform::threadblock::PredicatedTileIterator<cutlass::MatrixShape<int=8, int=128>, float, cutlass::layout::RowMajor, int=0, cutlass::transform::PitchLinearStripminedThreadMap<cutlass::layout::PitchLinearShape<int=128, int=8>, int=256, int=1>, int=1>, cutlass::transform::threadblock::RegularTileIterator<cutlass::MatrixShape<int=8, int=128>, float, cutlass::layout::RowMajor, int=0, cutlass::transform::PitchLinearStripminedThreadMap<cutlass::layout::PitchLinearShape<int=128, int=8>, int=256, int=1>, int=4>, float, cutlass::layout::RowMajor, cutlass::gemm::threadblock::MmaPolicy<cutlass::gemm::warp::MmaSimt<cutlass::gemm::GemmShape<int=32, int=64, int=8>, float, cutlass::layout::ColumnMajor, float, cutlass::layout::RowMajor, float, cutlass::layout::RowMajor, cutlass::gemm::warp::MmaSimtPolicy<cutlass::MatrixShape<int=4, int=8>, cutlass::layout::RowMajorInterleaved<int=2>, cutlass::gemm::GemmShape<int=4, int=4, int=1>>, int=1, bool>, cutlass::MatrixShape<int=4, int=0>, cutlass::MatrixShape<int=0, int=0>, int=1>, cutlass::NumericArrayConverter<float, float, int=4, cutlass::FloatRoundStyle>, cutlass::NumericArrayConverter<float, float, int=4, cutlass::FloatRoundStyle>, bool>, cutlass::epilogue::threadblock::Epilogue<cutlass::gemm::GemmShape<int=128, int=128, int=8>, cutlass::gemm::warp::MmaSimt<cutlass::gemm::GemmShape<int=32, int=64, int=8>, float, cutlass::layout::ColumnMajor, float, cutlass::layout::RowMajor, float, cutlass::layout::RowMajor, cutlass::gemm::warp::MmaSimtPolicy<cutlass::MatrixShape<int=4, int=8>, cutlass::layout::RowMajorInterleaved<int=2>, cutlass::gemm::GemmShape<int=4, int=4, int=1>>, int=1, bool>, int=1, cutlass::epilogue::threadblock::PredicatedTileIterator<cutlass::epilogue::threadblock::OutputTileOptimalThreadMap<cutlass::epilogue::threadblock::OutputTileShape<int=128, int=1, int=4, int=4, int=1>, cutlass::epilogue::threadblock::OutputTileShape<int=1, int=4, int=2, int=1, int=8>, int=256, int=1, int=32>, float>, cutlass::epilogue::warp::FragmentIteratorSimt<cutlass::gemm::GemmShape<int=32, int=64, int=8>, cutlass::gemm::thread::Mma<cutlass::gemm::GemmShape<int=8, int=8, int=1>, float, cutlass::layout::ColumnMajor, float, cutlass::layout::RowMajor, float, cutlass::layout::RowMajor, cutlass::arch::OpMultiplyAdd, bool>, cutlass::layout::RowMajor, cutlass::gemm::warp::MmaSimtPolicy<cutlass::MatrixShape<int=4, int=8>, cutlass::layout::RowMajorInterleaved<int=2>, cutlass::gemm::GemmShape<int=4, int=4, int=1>>>, cutlass::epilogue::warp::TileIteratorSimt<cutlass::gemm::GemmShape<int=32, int=64, int=8>, cutlass::gemm::thread::Mma<cutlass::gemm::GemmShape<int=8, int=8, int=1>, float, cutlass::layout::ColumnMajor, float, cutlass::layout::RowMajor, float, cutlass::layout::RowMajor, cutlass::arch::OpMultiplyAdd, bool>, float, cutlass::layout::RowMajor, cutlass::gemm::warp::MmaSimtPolicy<cutlass::MatrixShape<int=4, int=8>, cutlass::layout::RowMajorInterleaved<int=2>, cutlass::gemm::GemmShape<int=4, int=4, int=1>>>, cutlass::epilogue::threadblock::SharedLoadIterator<cutlass::epilogue::threadblock::OutputTileOptimalThreadMap<cutlass::epilogue::threadblock::OutputTileShape<int=128, int=1, int=4, int=4, int=1>::CompactedThreadMap, cutlass::epilogue::threadblock::OutputTileShape<int=1, int=4, int=2, int=1, int=8>, int=256, int=1, int=32>, float, int=4>, cutlass::epilogue::thread::LinearCombination<float",21284
20.326846,0.001472,,,,,,,,,,112,72.562176,"Pageable","Device","Tesla V100-PCIE-32GB (0)","1","7","[CUDA memcpy HtoD]",21304
20.327509,0.020128,2048,1,1,384,1,1,16,0.000000,0.000000,,,,,"Tesla V100-PCIE-32GB (0)","1","7","void scal_kernel_val<double, double>(cublasScalParamsVal<double, double>)",21418
20.327943,39.080045,6,3528,1,256,1,1,124,0.000000,16.250000,,,,,"Tesla V100-PCIE-32GB (0)","1","7","void cutlass::Kernel<cutlass::gemm::kernel::Gemm<cutlass::gemm::threadblock::MmaPipelined<cutlass::gemm::GemmShape<int=128, int=128, int=8>, cutlass::transform::threadblock::PredicatedTileIterator<cutlass::MatrixShape<int=128, int=8>, float, cutlass::layout::RowMajor, int=1, cutlass::transform::PitchLinearStripminedThreadMap<cutlass::layout::PitchLinearShape<int=8, int=128>, int=256, int=1>, int=1>, cutlass::transform::threadblock::RegularTileIterator<cutlass::MatrixShape<int=128, int=8>, float, cutlass::layout::ColumnMajor, int=1, cutlass::transform::TransposePitchLinearThreadMapSimt<cutlass::transform::PitchLinearStripminedThreadMap<cutlass::layout::PitchLinearShape<int=8, int=128>, int=256, int=1>>, int=4>, cutlass::transform::threadblock::PredicatedTileIterator<cutlass::MatrixShape<int=8, int=128>, float, cutlass::layout::RowMajor, int=0, cutlass::transform::PitchLinearStripminedThreadMap<cutlass::layout::PitchLinearShape<int=128, int=8>, int=256, int=1>, int=1>, cutlass::transform::threadblock::RegularTileIterator<cutlass::MatrixShape<int=8, int=128>, float, cutlass::layout::RowMajor, int=0, cutlass::transform::PitchLinearStripminedThreadMap<cutlass::layout::PitchLinearShape<int=128, int=8>, int=256, int=1>, int=4>, float, cutlass::layout::RowMajor, cutlass::gemm::threadblock::MmaPolicy<cutlass::gemm::warp::MmaSimt<cutlass::gemm::GemmShape<int=32, int=64, int=8>, float, cutlass::layout::ColumnMajor, float, cutlass::layout::RowMajor, float, cutlass::layout::RowMajor, cutlass::gemm::warp::MmaSimtPolicy<cutlass::MatrixShape<int=4, int=8>, cutlass::layout::RowMajorInterleaved<int=2>, cutlass::gemm::GemmShape<int=4, int=4, int=1>>, int=1, bool>, cutlass::MatrixShape<int=4, int=0>, cutlass::MatrixShape<int=0, int=0>, int=1>, cutlass::NumericArrayConverter<float, float, int=4, cutlass::FloatRoundStyle>, cutlass::NumericArrayConverter<float, float, int=4, cutlass::FloatRoundStyle>, bool>, cutlass::epilogue::threadblock::Epilogue<cutlass::gemm::GemmShape<int=128, int=128, int=8>, cutlass::gemm::warp::MmaSimt<cutlass::gemm::GemmShape<int=32, int=64, int=8>, float, cutlass::layout::ColumnMajor, float, cutlass::layout::RowMajor, float, cutlass::layout::RowMajor, cutlass::gemm::warp::MmaSimtPolicy<cutlass::MatrixShape<int=4, int=8>, cutlass::layout::RowMajorInterleaved<int=2>, cutlass::gemm::GemmShape<int=4, int=4, int=1>>, int=1, bool>, int=1, cutlass::epilogue::threadblock::PredicatedTileIterator<cutlass::epilogue::threadblock::OutputTileOptimalThreadMap<cutlass::epilogue::threadblock::OutputTileShape<int=128, int=1, int=4, int=4, int=1>, cutlass::epilogue::threadblock::OutputTileShape<int=1, int=4, int=2, int=1, int=8>, int=256, int=1, int=32>, float>, cutlass::epilogue::warp::FragmentIteratorSimt<cutlass::gemm::GemmShape<int=32, int=64, int=8>, cutlass::gemm::thread::Mma<cutlass::gemm::GemmShape<int=8, int=8, int=1>, float, cutlass::layout::ColumnMajor, float, cutlass::layout::RowMajor, float, cutlass::layout::RowMajor, cutlass::arch::OpMultiplyAdd, bool>, cutlass::layout::RowMajor, cutlass::gemm::warp::MmaSimtPolicy<cutlass::MatrixShape<int=4, int=8>, cutlass::layout::RowMajorInterleaved<int=2>, cutlass::gemm::GemmShape<int=4, int=4, int=1>>>, cutlass::epilogue::warp::TileIteratorSimt<cutlass::gemm::GemmShape<int=32, int=64, int=8>, cutlass::gemm::thread::Mma<cutlass::gemm::GemmShape<int=8, int=8, int=1>, float, cutlass::layout::ColumnMajor, float, cutlass::layout::RowMajor, float, cutlass::layout::RowMajor, cutlass::arch::OpMultiplyAdd, bool>, float, cutlass::layout::RowMajor, cutlass::gemm::warp::MmaSimtPolicy<cutlass::MatrixShape<int=4, int=8>, cutlass::layout::RowMajorInterleaved<int=2>, cutlass::gemm::GemmShape<int=4, int=4, int=1>>>, cutlass::epilogue::threadblock::SharedLoadIterator<cutlass::epilogue::threadblock::OutputTileOptimalThreadMap<cutlass::epilogue::threadblock::OutputTileShape<int=128, int=1, int=4, int=4, int=1>::CompactedThreadMap, cutlass::epilogue::threadblock::OutputTileShape<int=1, int=4, int=2, int=1, int=8>, int=256, int=1, int=32>, float, int=4>, cutlass::epilogue::thread::LinearCombination<float",21447
20.367032,0.001472,,,,,,,,,,112,72.562176,"Pageable","Device","Tesla V100-PCIE-32GB (0)","1","7","[CUDA memcpy HtoD]",21467
20.367696,0.020064,2048,1,1,384,1,1,16,0.000000,0.000000,,,,,"Tesla V100-PCIE-32GB (0)","1","7","void scal_kernel_val<double, double>(cublasScalParamsVal<double, double>)",21581
20.368135,39.093325,6,3528,1,256,1,1,124,0.000000,16.250000,,,,,"Tesla V100-PCIE-32GB (0)","1","7","void cutlass::Kernel<cutlass::gemm::kernel::Gemm<cutlass::gemm::threadblock::MmaPipelined<cutlass::gemm::GemmShape<int=128, int=128, int=8>, cutlass::transform::threadblock::PredicatedTileIterator<cutlass::MatrixShape<int=128, int=8>, float, cutlass::layout::RowMajor, int=1, cutlass::transform::PitchLinearStripminedThreadMap<cutlass::layout::PitchLinearShape<int=8, int=128>, int=256, int=1>, int=1>, cutlass::transform::threadblock::RegularTileIterator<cutlass::MatrixShape<int=128, int=8>, float, cutlass::layout::ColumnMajor, int=1, cutlass::transform::TransposePitchLinearThreadMapSimt<cutlass::transform::PitchLinearStripminedThreadMap<cutlass::layout::PitchLinearShape<int=8, int=128>, int=256, int=1>>, int=4>, cutlass::transform::threadblock::PredicatedTileIterator<cutlass::MatrixShape<int=8, int=128>, float, cutlass::layout::RowMajor, int=0, cutlass::transform::PitchLinearStripminedThreadMap<cutlass::layout::PitchLinearShape<int=128, int=8>, int=256, int=1>, int=1>, cutlass::transform::threadblock::RegularTileIterator<cutlass::MatrixShape<int=8, int=128>, float, cutlass::layout::RowMajor, int=0, cutlass::transform::PitchLinearStripminedThreadMap<cutlass::layout::PitchLinearShape<int=128, int=8>, int=256, int=1>, int=4>, float, cutlass::layout::RowMajor, cutlass::gemm::threadblock::MmaPolicy<cutlass::gemm::warp::MmaSimt<cutlass::gemm::GemmShape<int=32, int=64, int=8>, float, cutlass::layout::ColumnMajor, float, cutlass::layout::RowMajor, float, cutlass::layout::RowMajor, cutlass::gemm::warp::MmaSimtPolicy<cutlass::MatrixShape<int=4, int=8>, cutlass::layout::RowMajorInterleaved<int=2>, cutlass::gemm::GemmShape<int=4, int=4, int=1>>, int=1, bool>, cutlass::MatrixShape<int=4, int=0>, cutlass::MatrixShape<int=0, int=0>, int=1>, cutlass::NumericArrayConverter<float, float, int=4, cutlass::FloatRoundStyle>, cutlass::NumericArrayConverter<float, float, int=4, cutlass::FloatRoundStyle>, bool>, cutlass::epilogue::threadblock::Epilogue<cutlass::gemm::GemmShape<int=128, int=128, int=8>, cutlass::gemm::warp::MmaSimt<cutlass::gemm::GemmShape<int=32, int=64, int=8>, float, cutlass::layout::ColumnMajor, float, cutlass::layout::RowMajor, float, cutlass::layout::RowMajor, cutlass::gemm::warp::MmaSimtPolicy<cutlass::MatrixShape<int=4, int=8>, cutlass::layout::RowMajorInterleaved<int=2>, cutlass::gemm::GemmShape<int=4, int=4, int=1>>, int=1, bool>, int=1, cutlass::epilogue::threadblock::PredicatedTileIterator<cutlass::epilogue::threadblock::OutputTileOptimalThreadMap<cutlass::epilogue::threadblock::OutputTileShape<int=128, int=1, int=4, int=4, int=1>, cutlass::epilogue::threadblock::OutputTileShape<int=1, int=4, int=2, int=1, int=8>, int=256, int=1, int=32>, float>, cutlass::epilogue::warp::FragmentIteratorSimt<cutlass::gemm::GemmShape<int=32, int=64, int=8>, cutlass::gemm::thread::Mma<cutlass::gemm::GemmShape<int=8, int=8, int=1>, float, cutlass::layout::ColumnMajor, float, cutlass::layout::RowMajor, float, cutlass::layout::RowMajor, cutlass::arch::OpMultiplyAdd, bool>, cutlass::layout::RowMajor, cutlass::gemm::warp::MmaSimtPolicy<cutlass::MatrixShape<int=4, int=8>, cutlass::layout::RowMajorInterleaved<int=2>, cutlass::gemm::GemmShape<int=4, int=4, int=1>>>, cutlass::epilogue::warp::TileIteratorSimt<cutlass::gemm::GemmShape<int=32, int=64, int=8>, cutlass::gemm::thread::Mma<cutlass::gemm::GemmShape<int=8, int=8, int=1>, float, cutlass::layout::ColumnMajor, float, cutlass::layout::RowMajor, float, cutlass::layout::RowMajor, cutlass::arch::OpMultiplyAdd, bool>, float, cutlass::layout::RowMajor, cutlass::gemm::warp::MmaSimtPolicy<cutlass::MatrixShape<int=4, int=8>, cutlass::layout::RowMajorInterleaved<int=2>, cutlass::gemm::GemmShape<int=4, int=4, int=1>>>, cutlass::epilogue::threadblock::SharedLoadIterator<cutlass::epilogue::threadblock::OutputTileOptimalThreadMap<cutlass::epilogue::threadblock::OutputTileShape<int=128, int=1, int=4, int=4, int=1>::CompactedThreadMap, cutlass::epilogue::threadblock::OutputTileShape<int=1, int=4, int=2, int=1, int=8>, int=256, int=1, int=32>, float, int=4>, cutlass::epilogue::thread::LinearCombination<float",21610
20.407238,0.001504,,,,,,,,,,112,71.018300,"Pageable","Device","Tesla V100-PCIE-32GB (0)","1","7","[CUDA memcpy HtoD]",21630
20.408045,0.020000,2048,1,1,384,1,1,16,0.000000,0.000000,,,,,"Tesla V100-PCIE-32GB (0)","1","7","void scal_kernel_val<double, double>(cublasScalParamsVal<double, double>)",21744
20.408707,39.079181,6,3528,1,256,1,1,124,0.000000,16.250000,,,,,"Tesla V100-PCIE-32GB (0)","1","7","void cutlass::Kernel<cutlass::gemm::kernel::Gemm<cutlass::gemm::threadblock::MmaPipelined<cutlass::gemm::GemmShape<int=128, int=128, int=8>, cutlass::transform::threadblock::PredicatedTileIterator<cutlass::MatrixShape<int=128, int=8>, float, cutlass::layout::RowMajor, int=1, cutlass::transform::PitchLinearStripminedThreadMap<cutlass::layout::PitchLinearShape<int=8, int=128>, int=256, int=1>, int=1>, cutlass::transform::threadblock::RegularTileIterator<cutlass::MatrixShape<int=128, int=8>, float, cutlass::layout::ColumnMajor, int=1, cutlass::transform::TransposePitchLinearThreadMapSimt<cutlass::transform::PitchLinearStripminedThreadMap<cutlass::layout::PitchLinearShape<int=8, int=128>, int=256, int=1>>, int=4>, cutlass::transform::threadblock::PredicatedTileIterator<cutlass::MatrixShape<int=8, int=128>, float, cutlass::layout::RowMajor, int=0, cutlass::transform::PitchLinearStripminedThreadMap<cutlass::layout::PitchLinearShape<int=128, int=8>, int=256, int=1>, int=1>, cutlass::transform::threadblock::RegularTileIterator<cutlass::MatrixShape<int=8, int=128>, float, cutlass::layout::RowMajor, int=0, cutlass::transform::PitchLinearStripminedThreadMap<cutlass::layout::PitchLinearShape<int=128, int=8>, int=256, int=1>, int=4>, float, cutlass::layout::RowMajor, cutlass::gemm::threadblock::MmaPolicy<cutlass::gemm::warp::MmaSimt<cutlass::gemm::GemmShape<int=32, int=64, int=8>, float, cutlass::layout::ColumnMajor, float, cutlass::layout::RowMajor, float, cutlass::layout::RowMajor, cutlass::gemm::warp::MmaSimtPolicy<cutlass::MatrixShape<int=4, int=8>, cutlass::layout::RowMajorInterleaved<int=2>, cutlass::gemm::GemmShape<int=4, int=4, int=1>>, int=1, bool>, cutlass::MatrixShape<int=4, int=0>, cutlass::MatrixShape<int=0, int=0>, int=1>, cutlass::NumericArrayConverter<float, float, int=4, cutlass::FloatRoundStyle>, cutlass::NumericArrayConverter<float, float, int=4, cutlass::FloatRoundStyle>, bool>, cutlass::epilogue::threadblock::Epilogue<cutlass::gemm::GemmShape<int=128, int=128, int=8>, cutlass::gemm::warp::MmaSimt<cutlass::gemm::GemmShape<int=32, int=64, int=8>, float, cutlass::layout::ColumnMajor, float, cutlass::layout::RowMajor, float, cutlass::layout::RowMajor, cutlass::gemm::warp::MmaSimtPolicy<cutlass::MatrixShape<int=4, int=8>, cutlass::layout::RowMajorInterleaved<int=2>, cutlass::gemm::GemmShape<int=4, int=4, int=1>>, int=1, bool>, int=1, cutlass::epilogue::threadblock::PredicatedTileIterator<cutlass::epilogue::threadblock::OutputTileOptimalThreadMap<cutlass::epilogue::threadblock::OutputTileShape<int=128, int=1, int=4, int=4, int=1>, cutlass::epilogue::threadblock::OutputTileShape<int=1, int=4, int=2, int=1, int=8>, int=256, int=1, int=32>, float>, cutlass::epilogue::warp::FragmentIteratorSimt<cutlass::gemm::GemmShape<int=32, int=64, int=8>, cutlass::gemm::thread::Mma<cutlass::gemm::GemmShape<int=8, int=8, int=1>, float, cutlass::layout::ColumnMajor, float, cutlass::layout::RowMajor, float, cutlass::layout::RowMajor, cutlass::arch::OpMultiplyAdd, bool>, cutlass::layout::RowMajor, cutlass::gemm::warp::MmaSimtPolicy<cutlass::MatrixShape<int=4, int=8>, cutlass::layout::RowMajorInterleaved<int=2>, cutlass::gemm::GemmShape<int=4, int=4, int=1>>>, cutlass::epilogue::warp::TileIteratorSimt<cutlass::gemm::GemmShape<int=32, int=64, int=8>, cutlass::gemm::thread::Mma<cutlass::gemm::GemmShape<int=8, int=8, int=1>, float, cutlass::layout::ColumnMajor, float, cutlass::layout::RowMajor, float, cutlass::layout::RowMajor, cutlass::arch::OpMultiplyAdd, bool>, float, cutlass::layout::RowMajor, cutlass::gemm::warp::MmaSimtPolicy<cutlass::MatrixShape<int=4, int=8>, cutlass::layout::RowMajorInterleaved<int=2>, cutlass::gemm::GemmShape<int=4, int=4, int=1>>>, cutlass::epilogue::threadblock::SharedLoadIterator<cutlass::epilogue::threadblock::OutputTileOptimalThreadMap<cutlass::epilogue::threadblock::OutputTileShape<int=128, int=1, int=4, int=4, int=1>::CompactedThreadMap, cutlass::epilogue::threadblock::OutputTileShape<int=1, int=4, int=2, int=1, int=8>, int=256, int=1, int=32>, float, int=4>, cutlass::epilogue::thread::LinearCombination<float",21773
20.447795,0.001504,,,,,,,,,,112,71.018300,"Pageable","Device","Tesla V100-PCIE-32GB (0)","1","7","[CUDA memcpy HtoD]",21793
20.448486,0.020448,2048,1,1,384,1,1,16,0.000000,0.000000,,,,,"Tesla V100-PCIE-32GB (0)","1","7","void scal_kernel_val<double, double>(cublasScalParamsVal<double, double>)",21907
20.448930,39.075085,6,3528,1,256,1,1,124,0.000000,16.250000,,,,,"Tesla V100-PCIE-32GB (0)","1","7","void cutlass::Kernel<cutlass::gemm::kernel::Gemm<cutlass::gemm::threadblock::MmaPipelined<cutlass::gemm::GemmShape<int=128, int=128, int=8>, cutlass::transform::threadblock::PredicatedTileIterator<cutlass::MatrixShape<int=128, int=8>, float, cutlass::layout::RowMajor, int=1, cutlass::transform::PitchLinearStripminedThreadMap<cutlass::layout::PitchLinearShape<int=8, int=128>, int=256, int=1>, int=1>, cutlass::transform::threadblock::RegularTileIterator<cutlass::MatrixShape<int=128, int=8>, float, cutlass::layout::ColumnMajor, int=1, cutlass::transform::TransposePitchLinearThreadMapSimt<cutlass::transform::PitchLinearStripminedThreadMap<cutlass::layout::PitchLinearShape<int=8, int=128>, int=256, int=1>>, int=4>, cutlass::transform::threadblock::PredicatedTileIterator<cutlass::MatrixShape<int=8, int=128>, float, cutlass::layout::RowMajor, int=0, cutlass::transform::PitchLinearStripminedThreadMap<cutlass::layout::PitchLinearShape<int=128, int=8>, int=256, int=1>, int=1>, cutlass::transform::threadblock::RegularTileIterator<cutlass::MatrixShape<int=8, int=128>, float, cutlass::layout::RowMajor, int=0, cutlass::transform::PitchLinearStripminedThreadMap<cutlass::layout::PitchLinearShape<int=128, int=8>, int=256, int=1>, int=4>, float, cutlass::layout::RowMajor, cutlass::gemm::threadblock::MmaPolicy<cutlass::gemm::warp::MmaSimt<cutlass::gemm::GemmShape<int=32, int=64, int=8>, float, cutlass::layout::ColumnMajor, float, cutlass::layout::RowMajor, float, cutlass::layout::RowMajor, cutlass::gemm::warp::MmaSimtPolicy<cutlass::MatrixShape<int=4, int=8>, cutlass::layout::RowMajorInterleaved<int=2>, cutlass::gemm::GemmShape<int=4, int=4, int=1>>, int=1, bool>, cutlass::MatrixShape<int=4, int=0>, cutlass::MatrixShape<int=0, int=0>, int=1>, cutlass::NumericArrayConverter<float, float, int=4, cutlass::FloatRoundStyle>, cutlass::NumericArrayConverter<float, float, int=4, cutlass::FloatRoundStyle>, bool>, cutlass::epilogue::threadblock::Epilogue<cutlass::gemm::GemmShape<int=128, int=128, int=8>, cutlass::gemm::warp::MmaSimt<cutlass::gemm::GemmShape<int=32, int=64, int=8>, float, cutlass::layout::ColumnMajor, float, cutlass::layout::RowMajor, float, cutlass::layout::RowMajor, cutlass::gemm::warp::MmaSimtPolicy<cutlass::MatrixShape<int=4, int=8>, cutlass::layout::RowMajorInterleaved<int=2>, cutlass::gemm::GemmShape<int=4, int=4, int=1>>, int=1, bool>, int=1, cutlass::epilogue::threadblock::PredicatedTileIterator<cutlass::epilogue::threadblock::OutputTileOptimalThreadMap<cutlass::epilogue::threadblock::OutputTileShape<int=128, int=1, int=4, int=4, int=1>, cutlass::epilogue::threadblock::OutputTileShape<int=1, int=4, int=2, int=1, int=8>, int=256, int=1, int=32>, float>, cutlass::epilogue::warp::FragmentIteratorSimt<cutlass::gemm::GemmShape<int=32, int=64, int=8>, cutlass::gemm::thread::Mma<cutlass::gemm::GemmShape<int=8, int=8, int=1>, float, cutlass::layout::ColumnMajor, float, cutlass::layout::RowMajor, float, cutlass::layout::RowMajor, cutlass::arch::OpMultiplyAdd, bool>, cutlass::layout::RowMajor, cutlass::gemm::warp::MmaSimtPolicy<cutlass::MatrixShape<int=4, int=8>, cutlass::layout::RowMajorInterleaved<int=2>, cutlass::gemm::GemmShape<int=4, int=4, int=1>>>, cutlass::epilogue::warp::TileIteratorSimt<cutlass::gemm::GemmShape<int=32, int=64, int=8>, cutlass::gemm::thread::Mma<cutlass::gemm::GemmShape<int=8, int=8, int=1>, float, cutlass::layout::ColumnMajor, float, cutlass::layout::RowMajor, float, cutlass::layout::RowMajor, cutlass::arch::OpMultiplyAdd, bool>, float, cutlass::layout::RowMajor, cutlass::gemm::warp::MmaSimtPolicy<cutlass::MatrixShape<int=4, int=8>, cutlass::layout::RowMajorInterleaved<int=2>, cutlass::gemm::GemmShape<int=4, int=4, int=1>>>, cutlass::epilogue::threadblock::SharedLoadIterator<cutlass::epilogue::threadblock::OutputTileOptimalThreadMap<cutlass::epilogue::threadblock::OutputTileShape<int=128, int=1, int=4, int=4, int=1>::CompactedThreadMap, cutlass::epilogue::threadblock::OutputTileShape<int=1, int=4, int=2, int=1, int=8>, int=256, int=1, int=32>, float, int=4>, cutlass::epilogue::thread::LinearCombination<float",21936
20.488014,0.001472,,,,,,,,,,112,72.562176,"Pageable","Device","Tesla V100-PCIE-32GB (0)","1","7","[CUDA memcpy HtoD]",21956
20.488681,0.020576,2048,1,1,384,1,1,16,0.000000,0.000000,,,,,"Tesla V100-PCIE-32GB (0)","1","7","void scal_kernel_val<double, double>(cublasScalParamsVal<double, double>)",22070
20.489120,39.077133,6,3528,1,256,1,1,124,0.000000,16.250000,,,,,"Tesla V100-PCIE-32GB (0)","1","7","void cutlass::Kernel<cutlass::gemm::kernel::Gemm<cutlass::gemm::threadblock::MmaPipelined<cutlass::gemm::GemmShape<int=128, int=128, int=8>, cutlass::transform::threadblock::PredicatedTileIterator<cutlass::MatrixShape<int=128, int=8>, float, cutlass::layout::RowMajor, int=1, cutlass::transform::PitchLinearStripminedThreadMap<cutlass::layout::PitchLinearShape<int=8, int=128>, int=256, int=1>, int=1>, cutlass::transform::threadblock::RegularTileIterator<cutlass::MatrixShape<int=128, int=8>, float, cutlass::layout::ColumnMajor, int=1, cutlass::transform::TransposePitchLinearThreadMapSimt<cutlass::transform::PitchLinearStripminedThreadMap<cutlass::layout::PitchLinearShape<int=8, int=128>, int=256, int=1>>, int=4>, cutlass::transform::threadblock::PredicatedTileIterator<cutlass::MatrixShape<int=8, int=128>, float, cutlass::layout::RowMajor, int=0, cutlass::transform::PitchLinearStripminedThreadMap<cutlass::layout::PitchLinearShape<int=128, int=8>, int=256, int=1>, int=1>, cutlass::transform::threadblock::RegularTileIterator<cutlass::MatrixShape<int=8, int=128>, float, cutlass::layout::RowMajor, int=0, cutlass::transform::PitchLinearStripminedThreadMap<cutlass::layout::PitchLinearShape<int=128, int=8>, int=256, int=1>, int=4>, float, cutlass::layout::RowMajor, cutlass::gemm::threadblock::MmaPolicy<cutlass::gemm::warp::MmaSimt<cutlass::gemm::GemmShape<int=32, int=64, int=8>, float, cutlass::layout::ColumnMajor, float, cutlass::layout::RowMajor, float, cutlass::layout::RowMajor, cutlass::gemm::warp::MmaSimtPolicy<cutlass::MatrixShape<int=4, int=8>, cutlass::layout::RowMajorInterleaved<int=2>, cutlass::gemm::GemmShape<int=4, int=4, int=1>>, int=1, bool>, cutlass::MatrixShape<int=4, int=0>, cutlass::MatrixShape<int=0, int=0>, int=1>, cutlass::NumericArrayConverter<float, float, int=4, cutlass::FloatRoundStyle>, cutlass::NumericArrayConverter<float, float, int=4, cutlass::FloatRoundStyle>, bool>, cutlass::epilogue::threadblock::Epilogue<cutlass::gemm::GemmShape<int=128, int=128, int=8>, cutlass::gemm::warp::MmaSimt<cutlass::gemm::GemmShape<int=32, int=64, int=8>, float, cutlass::layout::ColumnMajor, float, cutlass::layout::RowMajor, float, cutlass::layout::RowMajor, cutlass::gemm::warp::MmaSimtPolicy<cutlass::MatrixShape<int=4, int=8>, cutlass::layout::RowMajorInterleaved<int=2>, cutlass::gemm::GemmShape<int=4, int=4, int=1>>, int=1, bool>, int=1, cutlass::epilogue::threadblock::PredicatedTileIterator<cutlass::epilogue::threadblock::OutputTileOptimalThreadMap<cutlass::epilogue::threadblock::OutputTileShape<int=128, int=1, int=4, int=4, int=1>, cutlass::epilogue::threadblock::OutputTileShape<int=1, int=4, int=2, int=1, int=8>, int=256, int=1, int=32>, float>, cutlass::epilogue::warp::FragmentIteratorSimt<cutlass::gemm::GemmShape<int=32, int=64, int=8>, cutlass::gemm::thread::Mma<cutlass::gemm::GemmShape<int=8, int=8, int=1>, float, cutlass::layout::ColumnMajor, float, cutlass::layout::RowMajor, float, cutlass::layout::RowMajor, cutlass::arch::OpMultiplyAdd, bool>, cutlass::layout::RowMajor, cutlass::gemm::warp::MmaSimtPolicy<cutlass::MatrixShape<int=4, int=8>, cutlass::layout::RowMajorInterleaved<int=2>, cutlass::gemm::GemmShape<int=4, int=4, int=1>>>, cutlass::epilogue::warp::TileIteratorSimt<cutlass::gemm::GemmShape<int=32, int=64, int=8>, cutlass::gemm::thread::Mma<cutlass::gemm::GemmShape<int=8, int=8, int=1>, float, cutlass::layout::ColumnMajor, float, cutlass::layout::RowMajor, float, cutlass::layout::RowMajor, cutlass::arch::OpMultiplyAdd, bool>, float, cutlass::layout::RowMajor, cutlass::gemm::warp::MmaSimtPolicy<cutlass::MatrixShape<int=4, int=8>, cutlass::layout::RowMajorInterleaved<int=2>, cutlass::gemm::GemmShape<int=4, int=4, int=1>>>, cutlass::epilogue::threadblock::SharedLoadIterator<cutlass::epilogue::threadblock::OutputTileOptimalThreadMap<cutlass::epilogue::threadblock::OutputTileShape<int=128, int=1, int=4, int=4, int=1>::CompactedThreadMap, cutlass::epilogue::threadblock::OutputTileShape<int=1, int=4, int=2, int=1, int=8>, int=256, int=1, int=32>, float, int=4>, cutlass::epilogue::thread::LinearCombination<float",22099
20.528206,0.001472,,,,,,,,,,112,72.562176,"Pageable","Device","Tesla V100-PCIE-32GB (0)","1","7","[CUDA memcpy HtoD]",22119
20.528882,0.020544,2048,1,1,384,1,1,16,0.000000,0.000000,,,,,"Tesla V100-PCIE-32GB (0)","1","7","void scal_kernel_val<double, double>(cublasScalParamsVal<double, double>)",22233
20.529324,39.070605,6,3528,1,256,1,1,124,0.000000,16.250000,,,,,"Tesla V100-PCIE-32GB (0)","1","7","void cutlass::Kernel<cutlass::gemm::kernel::Gemm<cutlass::gemm::threadblock::MmaPipelined<cutlass::gemm::GemmShape<int=128, int=128, int=8>, cutlass::transform::threadblock::PredicatedTileIterator<cutlass::MatrixShape<int=128, int=8>, float, cutlass::layout::RowMajor, int=1, cutlass::transform::PitchLinearStripminedThreadMap<cutlass::layout::PitchLinearShape<int=8, int=128>, int=256, int=1>, int=1>, cutlass::transform::threadblock::RegularTileIterator<cutlass::MatrixShape<int=128, int=8>, float, cutlass::layout::ColumnMajor, int=1, cutlass::transform::TransposePitchLinearThreadMapSimt<cutlass::transform::PitchLinearStripminedThreadMap<cutlass::layout::PitchLinearShape<int=8, int=128>, int=256, int=1>>, int=4>, cutlass::transform::threadblock::PredicatedTileIterator<cutlass::MatrixShape<int=8, int=128>, float, cutlass::layout::RowMajor, int=0, cutlass::transform::PitchLinearStripminedThreadMap<cutlass::layout::PitchLinearShape<int=128, int=8>, int=256, int=1>, int=1>, cutlass::transform::threadblock::RegularTileIterator<cutlass::MatrixShape<int=8, int=128>, float, cutlass::layout::RowMajor, int=0, cutlass::transform::PitchLinearStripminedThreadMap<cutlass::layout::PitchLinearShape<int=128, int=8>, int=256, int=1>, int=4>, float, cutlass::layout::RowMajor, cutlass::gemm::threadblock::MmaPolicy<cutlass::gemm::warp::MmaSimt<cutlass::gemm::GemmShape<int=32, int=64, int=8>, float, cutlass::layout::ColumnMajor, float, cutlass::layout::RowMajor, float, cutlass::layout::RowMajor, cutlass::gemm::warp::MmaSimtPolicy<cutlass::MatrixShape<int=4, int=8>, cutlass::layout::RowMajorInterleaved<int=2>, cutlass::gemm::GemmShape<int=4, int=4, int=1>>, int=1, bool>, cutlass::MatrixShape<int=4, int=0>, cutlass::MatrixShape<int=0, int=0>, int=1>, cutlass::NumericArrayConverter<float, float, int=4, cutlass::FloatRoundStyle>, cutlass::NumericArrayConverter<float, float, int=4, cutlass::FloatRoundStyle>, bool>, cutlass::epilogue::threadblock::Epilogue<cutlass::gemm::GemmShape<int=128, int=128, int=8>, cutlass::gemm::warp::MmaSimt<cutlass::gemm::GemmShape<int=32, int=64, int=8>, float, cutlass::layout::ColumnMajor, float, cutlass::layout::RowMajor, float, cutlass::layout::RowMajor, cutlass::gemm::warp::MmaSimtPolicy<cutlass::MatrixShape<int=4, int=8>, cutlass::layout::RowMajorInterleaved<int=2>, cutlass::gemm::GemmShape<int=4, int=4, int=1>>, int=1, bool>, int=1, cutlass::epilogue::threadblock::PredicatedTileIterator<cutlass::epilogue::threadblock::OutputTileOptimalThreadMap<cutlass::epilogue::threadblock::OutputTileShape<int=128, int=1, int=4, int=4, int=1>, cutlass::epilogue::threadblock::OutputTileShape<int=1, int=4, int=2, int=1, int=8>, int=256, int=1, int=32>, float>, cutlass::epilogue::warp::FragmentIteratorSimt<cutlass::gemm::GemmShape<int=32, int=64, int=8>, cutlass::gemm::thread::Mma<cutlass::gemm::GemmShape<int=8, int=8, int=1>, float, cutlass::layout::ColumnMajor, float, cutlass::layout::RowMajor, float, cutlass::layout::RowMajor, cutlass::arch::OpMultiplyAdd, bool>, cutlass::layout::RowMajor, cutlass::gemm::warp::MmaSimtPolicy<cutlass::MatrixShape<int=4, int=8>, cutlass::layout::RowMajorInterleaved<int=2>, cutlass::gemm::GemmShape<int=4, int=4, int=1>>>, cutlass::epilogue::warp::TileIteratorSimt<cutlass::gemm::GemmShape<int=32, int=64, int=8>, cutlass::gemm::thread::Mma<cutlass::gemm::GemmShape<int=8, int=8, int=1>, float, cutlass::layout::ColumnMajor, float, cutlass::layout::RowMajor, float, cutlass::layout::RowMajor, cutlass::arch::OpMultiplyAdd, bool>, float, cutlass::layout::RowMajor, cutlass::gemm::warp::MmaSimtPolicy<cutlass::MatrixShape<int=4, int=8>, cutlass::layout::RowMajorInterleaved<int=2>, cutlass::gemm::GemmShape<int=4, int=4, int=1>>>, cutlass::epilogue::threadblock::SharedLoadIterator<cutlass::epilogue::threadblock::OutputTileOptimalThreadMap<cutlass::epilogue::threadblock::OutputTileShape<int=128, int=1, int=4, int=4, int=1>::CompactedThreadMap, cutlass::epilogue::threadblock::OutputTileShape<int=1, int=4, int=2, int=1, int=8>, int=256, int=1, int=32>, float, int=4>, cutlass::epilogue::thread::LinearCombination<float",22262
20.568403,0.001472,,,,,,,,,,112,72.562176,"Pageable","Device","Tesla V100-PCIE-32GB (0)","1","7","[CUDA memcpy HtoD]",22282
20.569067,0.020160,2048,1,1,384,1,1,16,0.000000,0.000000,,,,,"Tesla V100-PCIE-32GB (0)","1","7","void scal_kernel_val<double, double>(cublasScalParamsVal<double, double>)",22396
20.569515,39.063373,6,3528,1,256,1,1,124,0.000000,16.250000,,,,,"Tesla V100-PCIE-32GB (0)","1","7","void cutlass::Kernel<cutlass::gemm::kernel::Gemm<cutlass::gemm::threadblock::MmaPipelined<cutlass::gemm::GemmShape<int=128, int=128, int=8>, cutlass::transform::threadblock::PredicatedTileIterator<cutlass::MatrixShape<int=128, int=8>, float, cutlass::layout::RowMajor, int=1, cutlass::transform::PitchLinearStripminedThreadMap<cutlass::layout::PitchLinearShape<int=8, int=128>, int=256, int=1>, int=1>, cutlass::transform::threadblock::RegularTileIterator<cutlass::MatrixShape<int=128, int=8>, float, cutlass::layout::ColumnMajor, int=1, cutlass::transform::TransposePitchLinearThreadMapSimt<cutlass::transform::PitchLinearStripminedThreadMap<cutlass::layout::PitchLinearShape<int=8, int=128>, int=256, int=1>>, int=4>, cutlass::transform::threadblock::PredicatedTileIterator<cutlass::MatrixShape<int=8, int=128>, float, cutlass::layout::RowMajor, int=0, cutlass::transform::PitchLinearStripminedThreadMap<cutlass::layout::PitchLinearShape<int=128, int=8>, int=256, int=1>, int=1>, cutlass::transform::threadblock::RegularTileIterator<cutlass::MatrixShape<int=8, int=128>, float, cutlass::layout::RowMajor, int=0, cutlass::transform::PitchLinearStripminedThreadMap<cutlass::layout::PitchLinearShape<int=128, int=8>, int=256, int=1>, int=4>, float, cutlass::layout::RowMajor, cutlass::gemm::threadblock::MmaPolicy<cutlass::gemm::warp::MmaSimt<cutlass::gemm::GemmShape<int=32, int=64, int=8>, float, cutlass::layout::ColumnMajor, float, cutlass::layout::RowMajor, float, cutlass::layout::RowMajor, cutlass::gemm::warp::MmaSimtPolicy<cutlass::MatrixShape<int=4, int=8>, cutlass::layout::RowMajorInterleaved<int=2>, cutlass::gemm::GemmShape<int=4, int=4, int=1>>, int=1, bool>, cutlass::MatrixShape<int=4, int=0>, cutlass::MatrixShape<int=0, int=0>, int=1>, cutlass::NumericArrayConverter<float, float, int=4, cutlass::FloatRoundStyle>, cutlass::NumericArrayConverter<float, float, int=4, cutlass::FloatRoundStyle>, bool>, cutlass::epilogue::threadblock::Epilogue<cutlass::gemm::GemmShape<int=128, int=128, int=8>, cutlass::gemm::warp::MmaSimt<cutlass::gemm::GemmShape<int=32, int=64, int=8>, float, cutlass::layout::ColumnMajor, float, cutlass::layout::RowMajor, float, cutlass::layout::RowMajor, cutlass::gemm::warp::MmaSimtPolicy<cutlass::MatrixShape<int=4, int=8>, cutlass::layout::RowMajorInterleaved<int=2>, cutlass::gemm::GemmShape<int=4, int=4, int=1>>, int=1, bool>, int=1, cutlass::epilogue::threadblock::PredicatedTileIterator<cutlass::epilogue::threadblock::OutputTileOptimalThreadMap<cutlass::epilogue::threadblock::OutputTileShape<int=128, int=1, int=4, int=4, int=1>, cutlass::epilogue::threadblock::OutputTileShape<int=1, int=4, int=2, int=1, int=8>, int=256, int=1, int=32>, float>, cutlass::epilogue::warp::FragmentIteratorSimt<cutlass::gemm::GemmShape<int=32, int=64, int=8>, cutlass::gemm::thread::Mma<cutlass::gemm::GemmShape<int=8, int=8, int=1>, float, cutlass::layout::ColumnMajor, float, cutlass::layout::RowMajor, float, cutlass::layout::RowMajor, cutlass::arch::OpMultiplyAdd, bool>, cutlass::layout::RowMajor, cutlass::gemm::warp::MmaSimtPolicy<cutlass::MatrixShape<int=4, int=8>, cutlass::layout::RowMajorInterleaved<int=2>, cutlass::gemm::GemmShape<int=4, int=4, int=1>>>, cutlass::epilogue::warp::TileIteratorSimt<cutlass::gemm::GemmShape<int=32, int=64, int=8>, cutlass::gemm::thread::Mma<cutlass::gemm::GemmShape<int=8, int=8, int=1>, float, cutlass::layout::ColumnMajor, float, cutlass::layout::RowMajor, float, cutlass::layout::RowMajor, cutlass::arch::OpMultiplyAdd, bool>, float, cutlass::layout::RowMajor, cutlass::gemm::warp::MmaSimtPolicy<cutlass::MatrixShape<int=4, int=8>, cutlass::layout::RowMajorInterleaved<int=2>, cutlass::gemm::GemmShape<int=4, int=4, int=1>>>, cutlass::epilogue::threadblock::SharedLoadIterator<cutlass::epilogue::threadblock::OutputTileOptimalThreadMap<cutlass::epilogue::threadblock::OutputTileShape<int=128, int=1, int=4, int=4, int=1>::CompactedThreadMap, cutlass::epilogue::threadblock::OutputTileShape<int=1, int=4, int=2, int=1, int=8>, int=256, int=1, int=32>, float, int=4>, cutlass::epilogue::thread::LinearCombination<float",22425
20.608587,0.001472,,,,,,,,,,112,72.562176,"Pageable","Device","Tesla V100-PCIE-32GB (0)","1","7","[CUDA memcpy HtoD]",22445
20.609258,0.020320,2048,1,1,384,1,1,16,0.000000,0.000000,,,,,"Tesla V100-PCIE-32GB (0)","1","7","void scal_kernel_val<double, double>(cublasScalParamsVal<double, double>)",22559
20.609698,39.064173,6,3528,1,256,1,1,124,0.000000,16.250000,,,,,"Tesla V100-PCIE-32GB (0)","1","7","void cutlass::Kernel<cutlass::gemm::kernel::Gemm<cutlass::gemm::threadblock::MmaPipelined<cutlass::gemm::GemmShape<int=128, int=128, int=8>, cutlass::transform::threadblock::PredicatedTileIterator<cutlass::MatrixShape<int=128, int=8>, float, cutlass::layout::RowMajor, int=1, cutlass::transform::PitchLinearStripminedThreadMap<cutlass::layout::PitchLinearShape<int=8, int=128>, int=256, int=1>, int=1>, cutlass::transform::threadblock::RegularTileIterator<cutlass::MatrixShape<int=128, int=8>, float, cutlass::layout::ColumnMajor, int=1, cutlass::transform::TransposePitchLinearThreadMapSimt<cutlass::transform::PitchLinearStripminedThreadMap<cutlass::layout::PitchLinearShape<int=8, int=128>, int=256, int=1>>, int=4>, cutlass::transform::threadblock::PredicatedTileIterator<cutlass::MatrixShape<int=8, int=128>, float, cutlass::layout::RowMajor, int=0, cutlass::transform::PitchLinearStripminedThreadMap<cutlass::layout::PitchLinearShape<int=128, int=8>, int=256, int=1>, int=1>, cutlass::transform::threadblock::RegularTileIterator<cutlass::MatrixShape<int=8, int=128>, float, cutlass::layout::RowMajor, int=0, cutlass::transform::PitchLinearStripminedThreadMap<cutlass::layout::PitchLinearShape<int=128, int=8>, int=256, int=1>, int=4>, float, cutlass::layout::RowMajor, cutlass::gemm::threadblock::MmaPolicy<cutlass::gemm::warp::MmaSimt<cutlass::gemm::GemmShape<int=32, int=64, int=8>, float, cutlass::layout::ColumnMajor, float, cutlass::layout::RowMajor, float, cutlass::layout::RowMajor, cutlass::gemm::warp::MmaSimtPolicy<cutlass::MatrixShape<int=4, int=8>, cutlass::layout::RowMajorInterleaved<int=2>, cutlass::gemm::GemmShape<int=4, int=4, int=1>>, int=1, bool>, cutlass::MatrixShape<int=4, int=0>, cutlass::MatrixShape<int=0, int=0>, int=1>, cutlass::NumericArrayConverter<float, float, int=4, cutlass::FloatRoundStyle>, cutlass::NumericArrayConverter<float, float, int=4, cutlass::FloatRoundStyle>, bool>, cutlass::epilogue::threadblock::Epilogue<cutlass::gemm::GemmShape<int=128, int=128, int=8>, cutlass::gemm::warp::MmaSimt<cutlass::gemm::GemmShape<int=32, int=64, int=8>, float, cutlass::layout::ColumnMajor, float, cutlass::layout::RowMajor, float, cutlass::layout::RowMajor, cutlass::gemm::warp::MmaSimtPolicy<cutlass::MatrixShape<int=4, int=8>, cutlass::layout::RowMajorInterleaved<int=2>, cutlass::gemm::GemmShape<int=4, int=4, int=1>>, int=1, bool>, int=1, cutlass::epilogue::threadblock::PredicatedTileIterator<cutlass::epilogue::threadblock::OutputTileOptimalThreadMap<cutlass::epilogue::threadblock::OutputTileShape<int=128, int=1, int=4, int=4, int=1>, cutlass::epilogue::threadblock::OutputTileShape<int=1, int=4, int=2, int=1, int=8>, int=256, int=1, int=32>, float>, cutlass::epilogue::warp::FragmentIteratorSimt<cutlass::gemm::GemmShape<int=32, int=64, int=8>, cutlass::gemm::thread::Mma<cutlass::gemm::GemmShape<int=8, int=8, int=1>, float, cutlass::layout::ColumnMajor, float, cutlass::layout::RowMajor, float, cutlass::layout::RowMajor, cutlass::arch::OpMultiplyAdd, bool>, cutlass::layout::RowMajor, cutlass::gemm::warp::MmaSimtPolicy<cutlass::MatrixShape<int=4, int=8>, cutlass::layout::RowMajorInterleaved<int=2>, cutlass::gemm::GemmShape<int=4, int=4, int=1>>>, cutlass::epilogue::warp::TileIteratorSimt<cutlass::gemm::GemmShape<int=32, int=64, int=8>, cutlass::gemm::thread::Mma<cutlass::gemm::GemmShape<int=8, int=8, int=1>, float, cutlass::layout::ColumnMajor, float, cutlass::layout::RowMajor, float, cutlass::layout::RowMajor, cutlass::arch::OpMultiplyAdd, bool>, float, cutlass::layout::RowMajor, cutlass::gemm::warp::MmaSimtPolicy<cutlass::MatrixShape<int=4, int=8>, cutlass::layout::RowMajorInterleaved<int=2>, cutlass::gemm::GemmShape<int=4, int=4, int=1>>>, cutlass::epilogue::threadblock::SharedLoadIterator<cutlass::epilogue::threadblock::OutputTileOptimalThreadMap<cutlass::epilogue::threadblock::OutputTileShape<int=128, int=1, int=4, int=4, int=1>::CompactedThreadMap, cutlass::epilogue::threadblock::OutputTileShape<int=1, int=4, int=2, int=1, int=8>, int=256, int=1, int=32>, float, int=4>, cutlass::epilogue::thread::LinearCombination<float",22588
20.648771,0.001664,,,,,,,,,,112,64.189617,"Pageable","Device","Tesla V100-PCIE-32GB (0)","1","7","[CUDA memcpy HtoD]",22608
20.649440,0.020512,2048,1,1,384,1,1,16,0.000000,0.000000,,,,,"Tesla V100-PCIE-32GB (0)","1","7","void scal_kernel_val<double, double>(cublasScalParamsVal<double, double>)",22722
20.649876,39.064973,6,3528,1,256,1,1,124,0.000000,16.250000,,,,,"Tesla V100-PCIE-32GB (0)","1","7","void cutlass::Kernel<cutlass::gemm::kernel::Gemm<cutlass::gemm::threadblock::MmaPipelined<cutlass::gemm::GemmShape<int=128, int=128, int=8>, cutlass::transform::threadblock::PredicatedTileIterator<cutlass::MatrixShape<int=128, int=8>, float, cutlass::layout::RowMajor, int=1, cutlass::transform::PitchLinearStripminedThreadMap<cutlass::layout::PitchLinearShape<int=8, int=128>, int=256, int=1>, int=1>, cutlass::transform::threadblock::RegularTileIterator<cutlass::MatrixShape<int=128, int=8>, float, cutlass::layout::ColumnMajor, int=1, cutlass::transform::TransposePitchLinearThreadMapSimt<cutlass::transform::PitchLinearStripminedThreadMap<cutlass::layout::PitchLinearShape<int=8, int=128>, int=256, int=1>>, int=4>, cutlass::transform::threadblock::PredicatedTileIterator<cutlass::MatrixShape<int=8, int=128>, float, cutlass::layout::RowMajor, int=0, cutlass::transform::PitchLinearStripminedThreadMap<cutlass::layout::PitchLinearShape<int=128, int=8>, int=256, int=1>, int=1>, cutlass::transform::threadblock::RegularTileIterator<cutlass::MatrixShape<int=8, int=128>, float, cutlass::layout::RowMajor, int=0, cutlass::transform::PitchLinearStripminedThreadMap<cutlass::layout::PitchLinearShape<int=128, int=8>, int=256, int=1>, int=4>, float, cutlass::layout::RowMajor, cutlass::gemm::threadblock::MmaPolicy<cutlass::gemm::warp::MmaSimt<cutlass::gemm::GemmShape<int=32, int=64, int=8>, float, cutlass::layout::ColumnMajor, float, cutlass::layout::RowMajor, float, cutlass::layout::RowMajor, cutlass::gemm::warp::MmaSimtPolicy<cutlass::MatrixShape<int=4, int=8>, cutlass::layout::RowMajorInterleaved<int=2>, cutlass::gemm::GemmShape<int=4, int=4, int=1>>, int=1, bool>, cutlass::MatrixShape<int=4, int=0>, cutlass::MatrixShape<int=0, int=0>, int=1>, cutlass::NumericArrayConverter<float, float, int=4, cutlass::FloatRoundStyle>, cutlass::NumericArrayConverter<float, float, int=4, cutlass::FloatRoundStyle>, bool>, cutlass::epilogue::threadblock::Epilogue<cutlass::gemm::GemmShape<int=128, int=128, int=8>, cutlass::gemm::warp::MmaSimt<cutlass::gemm::GemmShape<int=32, int=64, int=8>, float, cutlass::layout::ColumnMajor, float, cutlass::layout::RowMajor, float, cutlass::layout::RowMajor, cutlass::gemm::warp::MmaSimtPolicy<cutlass::MatrixShape<int=4, int=8>, cutlass::layout::RowMajorInterleaved<int=2>, cutlass::gemm::GemmShape<int=4, int=4, int=1>>, int=1, bool>, int=1, cutlass::epilogue::threadblock::PredicatedTileIterator<cutlass::epilogue::threadblock::OutputTileOptimalThreadMap<cutlass::epilogue::threadblock::OutputTileShape<int=128, int=1, int=4, int=4, int=1>, cutlass::epilogue::threadblock::OutputTileShape<int=1, int=4, int=2, int=1, int=8>, int=256, int=1, int=32>, float>, cutlass::epilogue::warp::FragmentIteratorSimt<cutlass::gemm::GemmShape<int=32, int=64, int=8>, cutlass::gemm::thread::Mma<cutlass::gemm::GemmShape<int=8, int=8, int=1>, float, cutlass::layout::ColumnMajor, float, cutlass::layout::RowMajor, float, cutlass::layout::RowMajor, cutlass::arch::OpMultiplyAdd, bool>, cutlass::layout::RowMajor, cutlass::gemm::warp::MmaSimtPolicy<cutlass::MatrixShape<int=4, int=8>, cutlass::layout::RowMajorInterleaved<int=2>, cutlass::gemm::GemmShape<int=4, int=4, int=1>>>, cutlass::epilogue::warp::TileIteratorSimt<cutlass::gemm::GemmShape<int=32, int=64, int=8>, cutlass::gemm::thread::Mma<cutlass::gemm::GemmShape<int=8, int=8, int=1>, float, cutlass::layout::ColumnMajor, float, cutlass::layout::RowMajor, float, cutlass::layout::RowMajor, cutlass::arch::OpMultiplyAdd, bool>, float, cutlass::layout::RowMajor, cutlass::gemm::warp::MmaSimtPolicy<cutlass::MatrixShape<int=4, int=8>, cutlass::layout::RowMajorInterleaved<int=2>, cutlass::gemm::GemmShape<int=4, int=4, int=1>>>, cutlass::epilogue::threadblock::SharedLoadIterator<cutlass::epilogue::threadblock::OutputTileOptimalThreadMap<cutlass::epilogue::threadblock::OutputTileShape<int=128, int=1, int=4, int=4, int=1>::CompactedThreadMap, cutlass::epilogue::threadblock::OutputTileShape<int=1, int=4, int=2, int=1, int=8>, int=256, int=1, int=32>, float, int=4>, cutlass::epilogue::thread::LinearCombination<float",22751
20.688949,0.001824,,,,,,,,,,112,58.558949,"Pageable","Device","Tesla V100-PCIE-32GB (0)","1","7","[CUDA memcpy HtoD]",22771
20.689630,0.020447,2048,1,1,384,1,1,16,0.000000,0.000000,,,,,"Tesla V100-PCIE-32GB (0)","1","7","void scal_kernel_val<double, double>(cublasScalParamsVal<double, double>)",22885
20.690065,39.088780,6,3528,1,256,1,1,124,0.000000,16.250000,,,,,"Tesla V100-PCIE-32GB (0)","1","7","void cutlass::Kernel<cutlass::gemm::kernel::Gemm<cutlass::gemm::threadblock::MmaPipelined<cutlass::gemm::GemmShape<int=128, int=128, int=8>, cutlass::transform::threadblock::PredicatedTileIterator<cutlass::MatrixShape<int=128, int=8>, float, cutlass::layout::RowMajor, int=1, cutlass::transform::PitchLinearStripminedThreadMap<cutlass::layout::PitchLinearShape<int=8, int=128>, int=256, int=1>, int=1>, cutlass::transform::threadblock::RegularTileIterator<cutlass::MatrixShape<int=128, int=8>, float, cutlass::layout::ColumnMajor, int=1, cutlass::transform::TransposePitchLinearThreadMapSimt<cutlass::transform::PitchLinearStripminedThreadMap<cutlass::layout::PitchLinearShape<int=8, int=128>, int=256, int=1>>, int=4>, cutlass::transform::threadblock::PredicatedTileIterator<cutlass::MatrixShape<int=8, int=128>, float, cutlass::layout::RowMajor, int=0, cutlass::transform::PitchLinearStripminedThreadMap<cutlass::layout::PitchLinearShape<int=128, int=8>, int=256, int=1>, int=1>, cutlass::transform::threadblock::RegularTileIterator<cutlass::MatrixShape<int=8, int=128>, float, cutlass::layout::RowMajor, int=0, cutlass::transform::PitchLinearStripminedThreadMap<cutlass::layout::PitchLinearShape<int=128, int=8>, int=256, int=1>, int=4>, float, cutlass::layout::RowMajor, cutlass::gemm::threadblock::MmaPolicy<cutlass::gemm::warp::MmaSimt<cutlass::gemm::GemmShape<int=32, int=64, int=8>, float, cutlass::layout::ColumnMajor, float, cutlass::layout::RowMajor, float, cutlass::layout::RowMajor, cutlass::gemm::warp::MmaSimtPolicy<cutlass::MatrixShape<int=4, int=8>, cutlass::layout::RowMajorInterleaved<int=2>, cutlass::gemm::GemmShape<int=4, int=4, int=1>>, int=1, bool>, cutlass::MatrixShape<int=4, int=0>, cutlass::MatrixShape<int=0, int=0>, int=1>, cutlass::NumericArrayConverter<float, float, int=4, cutlass::FloatRoundStyle>, cutlass::NumericArrayConverter<float, float, int=4, cutlass::FloatRoundStyle>, bool>, cutlass::epilogue::threadblock::Epilogue<cutlass::gemm::GemmShape<int=128, int=128, int=8>, cutlass::gemm::warp::MmaSimt<cutlass::gemm::GemmShape<int=32, int=64, int=8>, float, cutlass::layout::ColumnMajor, float, cutlass::layout::RowMajor, float, cutlass::layout::RowMajor, cutlass::gemm::warp::MmaSimtPolicy<cutlass::MatrixShape<int=4, int=8>, cutlass::layout::RowMajorInterleaved<int=2>, cutlass::gemm::GemmShape<int=4, int=4, int=1>>, int=1, bool>, int=1, cutlass::epilogue::threadblock::PredicatedTileIterator<cutlass::epilogue::threadblock::OutputTileOptimalThreadMap<cutlass::epilogue::threadblock::OutputTileShape<int=128, int=1, int=4, int=4, int=1>, cutlass::epilogue::threadblock::OutputTileShape<int=1, int=4, int=2, int=1, int=8>, int=256, int=1, int=32>, float>, cutlass::epilogue::warp::FragmentIteratorSimt<cutlass::gemm::GemmShape<int=32, int=64, int=8>, cutlass::gemm::thread::Mma<cutlass::gemm::GemmShape<int=8, int=8, int=1>, float, cutlass::layout::ColumnMajor, float, cutlass::layout::RowMajor, float, cutlass::layout::RowMajor, cutlass::arch::OpMultiplyAdd, bool>, cutlass::layout::RowMajor, cutlass::gemm::warp::MmaSimtPolicy<cutlass::MatrixShape<int=4, int=8>, cutlass::layout::RowMajorInterleaved<int=2>, cutlass::gemm::GemmShape<int=4, int=4, int=1>>>, cutlass::epilogue::warp::TileIteratorSimt<cutlass::gemm::GemmShape<int=32, int=64, int=8>, cutlass::gemm::thread::Mma<cutlass::gemm::GemmShape<int=8, int=8, int=1>, float, cutlass::layout::ColumnMajor, float, cutlass::layout::RowMajor, float, cutlass::layout::RowMajor, cutlass::arch::OpMultiplyAdd, bool>, float, cutlass::layout::RowMajor, cutlass::gemm::warp::MmaSimtPolicy<cutlass::MatrixShape<int=4, int=8>, cutlass::layout::RowMajorInterleaved<int=2>, cutlass::gemm::GemmShape<int=4, int=4, int=1>>>, cutlass::epilogue::threadblock::SharedLoadIterator<cutlass::epilogue::threadblock::OutputTileOptimalThreadMap<cutlass::epilogue::threadblock::OutputTileShape<int=128, int=1, int=4, int=4, int=1>::CompactedThreadMap, cutlass::epilogue::threadblock::OutputTileShape<int=1, int=4, int=2, int=1, int=8>, int=256, int=1, int=32>, float, int=4>, cutlass::epilogue::thread::LinearCombination<float",22914
20.729162,0.001472,,,,,,,,,,112,72.562176,"Pageable","Device","Tesla V100-PCIE-32GB (0)","1","7","[CUDA memcpy HtoD]",22934
20.729828,0.020224,2048,1,1,384,1,1,16,0.000000,0.000000,,,,,"Tesla V100-PCIE-32GB (0)","1","7","void scal_kernel_val<double, double>(cublasScalParamsVal<double, double>)",23048
20.730273,39.075917,6,3528,1,256,1,1,124,0.000000,16.250000,,,,,"Tesla V100-PCIE-32GB (0)","1","7","void cutlass::Kernel<cutlass::gemm::kernel::Gemm<cutlass::gemm::threadblock::MmaPipelined<cutlass::gemm::GemmShape<int=128, int=128, int=8>, cutlass::transform::threadblock::PredicatedTileIterator<cutlass::MatrixShape<int=128, int=8>, float, cutlass::layout::RowMajor, int=1, cutlass::transform::PitchLinearStripminedThreadMap<cutlass::layout::PitchLinearShape<int=8, int=128>, int=256, int=1>, int=1>, cutlass::transform::threadblock::RegularTileIterator<cutlass::MatrixShape<int=128, int=8>, float, cutlass::layout::ColumnMajor, int=1, cutlass::transform::TransposePitchLinearThreadMapSimt<cutlass::transform::PitchLinearStripminedThreadMap<cutlass::layout::PitchLinearShape<int=8, int=128>, int=256, int=1>>, int=4>, cutlass::transform::threadblock::PredicatedTileIterator<cutlass::MatrixShape<int=8, int=128>, float, cutlass::layout::RowMajor, int=0, cutlass::transform::PitchLinearStripminedThreadMap<cutlass::layout::PitchLinearShape<int=128, int=8>, int=256, int=1>, int=1>, cutlass::transform::threadblock::RegularTileIterator<cutlass::MatrixShape<int=8, int=128>, float, cutlass::layout::RowMajor, int=0, cutlass::transform::PitchLinearStripminedThreadMap<cutlass::layout::PitchLinearShape<int=128, int=8>, int=256, int=1>, int=4>, float, cutlass::layout::RowMajor, cutlass::gemm::threadblock::MmaPolicy<cutlass::gemm::warp::MmaSimt<cutlass::gemm::GemmShape<int=32, int=64, int=8>, float, cutlass::layout::ColumnMajor, float, cutlass::layout::RowMajor, float, cutlass::layout::RowMajor, cutlass::gemm::warp::MmaSimtPolicy<cutlass::MatrixShape<int=4, int=8>, cutlass::layout::RowMajorInterleaved<int=2>, cutlass::gemm::GemmShape<int=4, int=4, int=1>>, int=1, bool>, cutlass::MatrixShape<int=4, int=0>, cutlass::MatrixShape<int=0, int=0>, int=1>, cutlass::NumericArrayConverter<float, float, int=4, cutlass::FloatRoundStyle>, cutlass::NumericArrayConverter<float, float, int=4, cutlass::FloatRoundStyle>, bool>, cutlass::epilogue::threadblock::Epilogue<cutlass::gemm::GemmShape<int=128, int=128, int=8>, cutlass::gemm::warp::MmaSimt<cutlass::gemm::GemmShape<int=32, int=64, int=8>, float, cutlass::layout::ColumnMajor, float, cutlass::layout::RowMajor, float, cutlass::layout::RowMajor, cutlass::gemm::warp::MmaSimtPolicy<cutlass::MatrixShape<int=4, int=8>, cutlass::layout::RowMajorInterleaved<int=2>, cutlass::gemm::GemmShape<int=4, int=4, int=1>>, int=1, bool>, int=1, cutlass::epilogue::threadblock::PredicatedTileIterator<cutlass::epilogue::threadblock::OutputTileOptimalThreadMap<cutlass::epilogue::threadblock::OutputTileShape<int=128, int=1, int=4, int=4, int=1>, cutlass::epilogue::threadblock::OutputTileShape<int=1, int=4, int=2, int=1, int=8>, int=256, int=1, int=32>, float>, cutlass::epilogue::warp::FragmentIteratorSimt<cutlass::gemm::GemmShape<int=32, int=64, int=8>, cutlass::gemm::thread::Mma<cutlass::gemm::GemmShape<int=8, int=8, int=1>, float, cutlass::layout::ColumnMajor, float, cutlass::layout::RowMajor, float, cutlass::layout::RowMajor, cutlass::arch::OpMultiplyAdd, bool>, cutlass::layout::RowMajor, cutlass::gemm::warp::MmaSimtPolicy<cutlass::MatrixShape<int=4, int=8>, cutlass::layout::RowMajorInterleaved<int=2>, cutlass::gemm::GemmShape<int=4, int=4, int=1>>>, cutlass::epilogue::warp::TileIteratorSimt<cutlass::gemm::GemmShape<int=32, int=64, int=8>, cutlass::gemm::thread::Mma<cutlass::gemm::GemmShape<int=8, int=8, int=1>, float, cutlass::layout::ColumnMajor, float, cutlass::layout::RowMajor, float, cutlass::layout::RowMajor, cutlass::arch::OpMultiplyAdd, bool>, float, cutlass::layout::RowMajor, cutlass::gemm::warp::MmaSimtPolicy<cutlass::MatrixShape<int=4, int=8>, cutlass::layout::RowMajorInterleaved<int=2>, cutlass::gemm::GemmShape<int=4, int=4, int=1>>>, cutlass::epilogue::threadblock::SharedLoadIterator<cutlass::epilogue::threadblock::OutputTileOptimalThreadMap<cutlass::epilogue::threadblock::OutputTileShape<int=128, int=1, int=4, int=4, int=1>::CompactedThreadMap, cutlass::epilogue::threadblock::OutputTileShape<int=1, int=4, int=2, int=1, int=8>, int=256, int=1, int=32>, float, int=4>, cutlass::epilogue::thread::LinearCombination<float",23077
20.769357,0.001504,,,,,,,,,,112,71.018300,"Pageable","Device","Tesla V100-PCIE-32GB (0)","1","7","[CUDA memcpy HtoD]",23097
20.770018,0.020480,2048,1,1,384,1,1,16,0.000000,0.000000,,,,,"Tesla V100-PCIE-32GB (0)","1","7","void scal_kernel_val<double, double>(cublasScalParamsVal<double, double>)",23211
20.770464,39.081389,6,3528,1,256,1,1,124,0.000000,16.250000,,,,,"Tesla V100-PCIE-32GB (0)","1","7","void cutlass::Kernel<cutlass::gemm::kernel::Gemm<cutlass::gemm::threadblock::MmaPipelined<cutlass::gemm::GemmShape<int=128, int=128, int=8>, cutlass::transform::threadblock::PredicatedTileIterator<cutlass::MatrixShape<int=128, int=8>, float, cutlass::layout::RowMajor, int=1, cutlass::transform::PitchLinearStripminedThreadMap<cutlass::layout::PitchLinearShape<int=8, int=128>, int=256, int=1>, int=1>, cutlass::transform::threadblock::RegularTileIterator<cutlass::MatrixShape<int=128, int=8>, float, cutlass::layout::ColumnMajor, int=1, cutlass::transform::TransposePitchLinearThreadMapSimt<cutlass::transform::PitchLinearStripminedThreadMap<cutlass::layout::PitchLinearShape<int=8, int=128>, int=256, int=1>>, int=4>, cutlass::transform::threadblock::PredicatedTileIterator<cutlass::MatrixShape<int=8, int=128>, float, cutlass::layout::RowMajor, int=0, cutlass::transform::PitchLinearStripminedThreadMap<cutlass::layout::PitchLinearShape<int=128, int=8>, int=256, int=1>, int=1>, cutlass::transform::threadblock::RegularTileIterator<cutlass::MatrixShape<int=8, int=128>, float, cutlass::layout::RowMajor, int=0, cutlass::transform::PitchLinearStripminedThreadMap<cutlass::layout::PitchLinearShape<int=128, int=8>, int=256, int=1>, int=4>, float, cutlass::layout::RowMajor, cutlass::gemm::threadblock::MmaPolicy<cutlass::gemm::warp::MmaSimt<cutlass::gemm::GemmShape<int=32, int=64, int=8>, float, cutlass::layout::ColumnMajor, float, cutlass::layout::RowMajor, float, cutlass::layout::RowMajor, cutlass::gemm::warp::MmaSimtPolicy<cutlass::MatrixShape<int=4, int=8>, cutlass::layout::RowMajorInterleaved<int=2>, cutlass::gemm::GemmShape<int=4, int=4, int=1>>, int=1, bool>, cutlass::MatrixShape<int=4, int=0>, cutlass::MatrixShape<int=0, int=0>, int=1>, cutlass::NumericArrayConverter<float, float, int=4, cutlass::FloatRoundStyle>, cutlass::NumericArrayConverter<float, float, int=4, cutlass::FloatRoundStyle>, bool>, cutlass::epilogue::threadblock::Epilogue<cutlass::gemm::GemmShape<int=128, int=128, int=8>, cutlass::gemm::warp::MmaSimt<cutlass::gemm::GemmShape<int=32, int=64, int=8>, float, cutlass::layout::ColumnMajor, float, cutlass::layout::RowMajor, float, cutlass::layout::RowMajor, cutlass::gemm::warp::MmaSimtPolicy<cutlass::MatrixShape<int=4, int=8>, cutlass::layout::RowMajorInterleaved<int=2>, cutlass::gemm::GemmShape<int=4, int=4, int=1>>, int=1, bool>, int=1, cutlass::epilogue::threadblock::PredicatedTileIterator<cutlass::epilogue::threadblock::OutputTileOptimalThreadMap<cutlass::epilogue::threadblock::OutputTileShape<int=128, int=1, int=4, int=4, int=1>, cutlass::epilogue::threadblock::OutputTileShape<int=1, int=4, int=2, int=1, int=8>, int=256, int=1, int=32>, float>, cutlass::epilogue::warp::FragmentIteratorSimt<cutlass::gemm::GemmShape<int=32, int=64, int=8>, cutlass::gemm::thread::Mma<cutlass::gemm::GemmShape<int=8, int=8, int=1>, float, cutlass::layout::ColumnMajor, float, cutlass::layout::RowMajor, float, cutlass::layout::RowMajor, cutlass::arch::OpMultiplyAdd, bool>, cutlass::layout::RowMajor, cutlass::gemm::warp::MmaSimtPolicy<cutlass::MatrixShape<int=4, int=8>, cutlass::layout::RowMajorInterleaved<int=2>, cutlass::gemm::GemmShape<int=4, int=4, int=1>>>, cutlass::epilogue::warp::TileIteratorSimt<cutlass::gemm::GemmShape<int=32, int=64, int=8>, cutlass::gemm::thread::Mma<cutlass::gemm::GemmShape<int=8, int=8, int=1>, float, cutlass::layout::ColumnMajor, float, cutlass::layout::RowMajor, float, cutlass::layout::RowMajor, cutlass::arch::OpMultiplyAdd, bool>, float, cutlass::layout::RowMajor, cutlass::gemm::warp::MmaSimtPolicy<cutlass::MatrixShape<int=4, int=8>, cutlass::layout::RowMajorInterleaved<int=2>, cutlass::gemm::GemmShape<int=4, int=4, int=1>>>, cutlass::epilogue::threadblock::SharedLoadIterator<cutlass::epilogue::threadblock::OutputTileOptimalThreadMap<cutlass::epilogue::threadblock::OutputTileShape<int=128, int=1, int=4, int=4, int=1>::CompactedThreadMap, cutlass::epilogue::threadblock::OutputTileShape<int=1, int=4, int=2, int=1, int=8>, int=256, int=1, int=32>, float, int=4>, cutlass::epilogue::thread::LinearCombination<float",23240
20.809557,0.001504,,,,,,,,,,112,71.018300,"Pageable","Device","Tesla V100-PCIE-32GB (0)","1","7","[CUDA memcpy HtoD]",23260
20.817536,0.020000,2048,1,1,384,1,1,16,0.000000,0.000000,,,,,"Tesla V100-PCIE-32GB (0)","1","7","void scal_kernel_val<double, double>(cublasScalParamsVal<double, double>)",23374
20.817977,39.427081,6,3528,1,256,1,1,124,0.000000,16.250000,,,,,"Tesla V100-PCIE-32GB (0)","1","7","void cutlass::Kernel<cutlass::gemm::kernel::Gemm<cutlass::gemm::threadblock::MmaPipelined<cutlass::gemm::GemmShape<int=128, int=128, int=8>, cutlass::transform::threadblock::PredicatedTileIterator<cutlass::MatrixShape<int=128, int=8>, float, cutlass::layout::RowMajor, int=1, cutlass::transform::PitchLinearStripminedThreadMap<cutlass::layout::PitchLinearShape<int=8, int=128>, int=256, int=1>, int=1>, cutlass::transform::threadblock::RegularTileIterator<cutlass::MatrixShape<int=128, int=8>, float, cutlass::layout::ColumnMajor, int=1, cutlass::transform::TransposePitchLinearThreadMapSimt<cutlass::transform::PitchLinearStripminedThreadMap<cutlass::layout::PitchLinearShape<int=8, int=128>, int=256, int=1>>, int=4>, cutlass::transform::threadblock::PredicatedTileIterator<cutlass::MatrixShape<int=8, int=128>, float, cutlass::layout::RowMajor, int=0, cutlass::transform::PitchLinearStripminedThreadMap<cutlass::layout::PitchLinearShape<int=128, int=8>, int=256, int=1>, int=1>, cutlass::transform::threadblock::RegularTileIterator<cutlass::MatrixShape<int=8, int=128>, float, cutlass::layout::RowMajor, int=0, cutlass::transform::PitchLinearStripminedThreadMap<cutlass::layout::PitchLinearShape<int=128, int=8>, int=256, int=1>, int=4>, float, cutlass::layout::RowMajor, cutlass::gemm::threadblock::MmaPolicy<cutlass::gemm::warp::MmaSimt<cutlass::gemm::GemmShape<int=32, int=64, int=8>, float, cutlass::layout::ColumnMajor, float, cutlass::layout::RowMajor, float, cutlass::layout::RowMajor, cutlass::gemm::warp::MmaSimtPolicy<cutlass::MatrixShape<int=4, int=8>, cutlass::layout::RowMajorInterleaved<int=2>, cutlass::gemm::GemmShape<int=4, int=4, int=1>>, int=1, bool>, cutlass::MatrixShape<int=4, int=0>, cutlass::MatrixShape<int=0, int=0>, int=1>, cutlass::NumericArrayConverter<float, float, int=4, cutlass::FloatRoundStyle>, cutlass::NumericArrayConverter<float, float, int=4, cutlass::FloatRoundStyle>, bool>, cutlass::epilogue::threadblock::Epilogue<cutlass::gemm::GemmShape<int=128, int=128, int=8>, cutlass::gemm::warp::MmaSimt<cutlass::gemm::GemmShape<int=32, int=64, int=8>, float, cutlass::layout::ColumnMajor, float, cutlass::layout::RowMajor, float, cutlass::layout::RowMajor, cutlass::gemm::warp::MmaSimtPolicy<cutlass::MatrixShape<int=4, int=8>, cutlass::layout::RowMajorInterleaved<int=2>, cutlass::gemm::GemmShape<int=4, int=4, int=1>>, int=1, bool>, int=1, cutlass::epilogue::threadblock::PredicatedTileIterator<cutlass::epilogue::threadblock::OutputTileOptimalThreadMap<cutlass::epilogue::threadblock::OutputTileShape<int=128, int=1, int=4, int=4, int=1>, cutlass::epilogue::threadblock::OutputTileShape<int=1, int=4, int=2, int=1, int=8>, int=256, int=1, int=32>, float>, cutlass::epilogue::warp::FragmentIteratorSimt<cutlass::gemm::GemmShape<int=32, int=64, int=8>, cutlass::gemm::thread::Mma<cutlass::gemm::GemmShape<int=8, int=8, int=1>, float, cutlass::layout::ColumnMajor, float, cutlass::layout::RowMajor, float, cutlass::layout::RowMajor, cutlass::arch::OpMultiplyAdd, bool>, cutlass::layout::RowMajor, cutlass::gemm::warp::MmaSimtPolicy<cutlass::MatrixShape<int=4, int=8>, cutlass::layout::RowMajorInterleaved<int=2>, cutlass::gemm::GemmShape<int=4, int=4, int=1>>>, cutlass::epilogue::warp::TileIteratorSimt<cutlass::gemm::GemmShape<int=32, int=64, int=8>, cutlass::gemm::thread::Mma<cutlass::gemm::GemmShape<int=8, int=8, int=1>, float, cutlass::layout::ColumnMajor, float, cutlass::layout::RowMajor, float, cutlass::layout::RowMajor, cutlass::arch::OpMultiplyAdd, bool>, float, cutlass::layout::RowMajor, cutlass::gemm::warp::MmaSimtPolicy<cutlass::MatrixShape<int=4, int=8>, cutlass::layout::RowMajorInterleaved<int=2>, cutlass::gemm::GemmShape<int=4, int=4, int=1>>>, cutlass::epilogue::threadblock::SharedLoadIterator<cutlass::epilogue::threadblock::OutputTileOptimalThreadMap<cutlass::epilogue::threadblock::OutputTileShape<int=128, int=1, int=4, int=4, int=1>::CompactedThreadMap, cutlass::epilogue::threadblock::OutputTileShape<int=1, int=4, int=2, int=1, int=8>, int=256, int=1, int=32>, float, int=4>, cutlass::epilogue::thread::LinearCombination<float",23403
20.857413,0.001472,,,,,,,,,,112,72.562176,"Pageable","Device","Tesla V100-PCIE-32GB (0)","1","7","[CUDA memcpy HtoD]",23423
20.858081,0.019872,2048,1,1,384,1,1,16,0.000000,0.000000,,,,,"Tesla V100-PCIE-32GB (0)","1","7","void scal_kernel_val<double, double>(cublasScalParamsVal<double, double>)",23537
20.858536,39.339754,6,3528,1,256,1,1,124,0.000000,16.250000,,,,,"Tesla V100-PCIE-32GB (0)","1","7","void cutlass::Kernel<cutlass::gemm::kernel::Gemm<cutlass::gemm::threadblock::MmaPipelined<cutlass::gemm::GemmShape<int=128, int=128, int=8>, cutlass::transform::threadblock::PredicatedTileIterator<cutlass::MatrixShape<int=128, int=8>, float, cutlass::layout::RowMajor, int=1, cutlass::transform::PitchLinearStripminedThreadMap<cutlass::layout::PitchLinearShape<int=8, int=128>, int=256, int=1>, int=1>, cutlass::transform::threadblock::RegularTileIterator<cutlass::MatrixShape<int=128, int=8>, float, cutlass::layout::ColumnMajor, int=1, cutlass::transform::TransposePitchLinearThreadMapSimt<cutlass::transform::PitchLinearStripminedThreadMap<cutlass::layout::PitchLinearShape<int=8, int=128>, int=256, int=1>>, int=4>, cutlass::transform::threadblock::PredicatedTileIterator<cutlass::MatrixShape<int=8, int=128>, float, cutlass::layout::RowMajor, int=0, cutlass::transform::PitchLinearStripminedThreadMap<cutlass::layout::PitchLinearShape<int=128, int=8>, int=256, int=1>, int=1>, cutlass::transform::threadblock::RegularTileIterator<cutlass::MatrixShape<int=8, int=128>, float, cutlass::layout::RowMajor, int=0, cutlass::transform::PitchLinearStripminedThreadMap<cutlass::layout::PitchLinearShape<int=128, int=8>, int=256, int=1>, int=4>, float, cutlass::layout::RowMajor, cutlass::gemm::threadblock::MmaPolicy<cutlass::gemm::warp::MmaSimt<cutlass::gemm::GemmShape<int=32, int=64, int=8>, float, cutlass::layout::ColumnMajor, float, cutlass::layout::RowMajor, float, cutlass::layout::RowMajor, cutlass::gemm::warp::MmaSimtPolicy<cutlass::MatrixShape<int=4, int=8>, cutlass::layout::RowMajorInterleaved<int=2>, cutlass::gemm::GemmShape<int=4, int=4, int=1>>, int=1, bool>, cutlass::MatrixShape<int=4, int=0>, cutlass::MatrixShape<int=0, int=0>, int=1>, cutlass::NumericArrayConverter<float, float, int=4, cutlass::FloatRoundStyle>, cutlass::NumericArrayConverter<float, float, int=4, cutlass::FloatRoundStyle>, bool>, cutlass::epilogue::threadblock::Epilogue<cutlass::gemm::GemmShape<int=128, int=128, int=8>, cutlass::gemm::warp::MmaSimt<cutlass::gemm::GemmShape<int=32, int=64, int=8>, float, cutlass::layout::ColumnMajor, float, cutlass::layout::RowMajor, float, cutlass::layout::RowMajor, cutlass::gemm::warp::MmaSimtPolicy<cutlass::MatrixShape<int=4, int=8>, cutlass::layout::RowMajorInterleaved<int=2>, cutlass::gemm::GemmShape<int=4, int=4, int=1>>, int=1, bool>, int=1, cutlass::epilogue::threadblock::PredicatedTileIterator<cutlass::epilogue::threadblock::OutputTileOptimalThreadMap<cutlass::epilogue::threadblock::OutputTileShape<int=128, int=1, int=4, int=4, int=1>, cutlass::epilogue::threadblock::OutputTileShape<int=1, int=4, int=2, int=1, int=8>, int=256, int=1, int=32>, float>, cutlass::epilogue::warp::FragmentIteratorSimt<cutlass::gemm::GemmShape<int=32, int=64, int=8>, cutlass::gemm::thread::Mma<cutlass::gemm::GemmShape<int=8, int=8, int=1>, float, cutlass::layout::ColumnMajor, float, cutlass::layout::RowMajor, float, cutlass::layout::RowMajor, cutlass::arch::OpMultiplyAdd, bool>, cutlass::layout::RowMajor, cutlass::gemm::warp::MmaSimtPolicy<cutlass::MatrixShape<int=4, int=8>, cutlass::layout::RowMajorInterleaved<int=2>, cutlass::gemm::GemmShape<int=4, int=4, int=1>>>, cutlass::epilogue::warp::TileIteratorSimt<cutlass::gemm::GemmShape<int=32, int=64, int=8>, cutlass::gemm::thread::Mma<cutlass::gemm::GemmShape<int=8, int=8, int=1>, float, cutlass::layout::ColumnMajor, float, cutlass::layout::RowMajor, float, cutlass::layout::RowMajor, cutlass::arch::OpMultiplyAdd, bool>, float, cutlass::layout::RowMajor, cutlass::gemm::warp::MmaSimtPolicy<cutlass::MatrixShape<int=4, int=8>, cutlass::layout::RowMajorInterleaved<int=2>, cutlass::gemm::GemmShape<int=4, int=4, int=1>>>, cutlass::epilogue::threadblock::SharedLoadIterator<cutlass::epilogue::threadblock::OutputTileOptimalThreadMap<cutlass::epilogue::threadblock::OutputTileShape<int=128, int=1, int=4, int=4, int=1>::CompactedThreadMap, cutlass::epilogue::threadblock::OutputTileShape<int=1, int=4, int=2, int=1, int=8>, int=256, int=1, int=32>, float, int=4>, cutlass::epilogue::thread::LinearCombination<float",23566
20.897885,0.001504,,,,,,,,,,112,71.018300,"Pageable","Device","Tesla V100-PCIE-32GB (0)","1","7","[CUDA memcpy HtoD]",23586
20.898587,0.020064,2048,1,1,384,1,1,16,0.000000,0.000000,,,,,"Tesla V100-PCIE-32GB (0)","1","7","void scal_kernel_val<double, double>(cublasScalParamsVal<double, double>)",23700
20.899040,39.352490,6,3528,1,256,1,1,124,0.000000,16.250000,,,,,"Tesla V100-PCIE-32GB (0)","1","7","void cutlass::Kernel<cutlass::gemm::kernel::Gemm<cutlass::gemm::threadblock::MmaPipelined<cutlass::gemm::GemmShape<int=128, int=128, int=8>, cutlass::transform::threadblock::PredicatedTileIterator<cutlass::MatrixShape<int=128, int=8>, float, cutlass::layout::RowMajor, int=1, cutlass::transform::PitchLinearStripminedThreadMap<cutlass::layout::PitchLinearShape<int=8, int=128>, int=256, int=1>, int=1>, cutlass::transform::threadblock::RegularTileIterator<cutlass::MatrixShape<int=128, int=8>, float, cutlass::layout::ColumnMajor, int=1, cutlass::transform::TransposePitchLinearThreadMapSimt<cutlass::transform::PitchLinearStripminedThreadMap<cutlass::layout::PitchLinearShape<int=8, int=128>, int=256, int=1>>, int=4>, cutlass::transform::threadblock::PredicatedTileIterator<cutlass::MatrixShape<int=8, int=128>, float, cutlass::layout::RowMajor, int=0, cutlass::transform::PitchLinearStripminedThreadMap<cutlass::layout::PitchLinearShape<int=128, int=8>, int=256, int=1>, int=1>, cutlass::transform::threadblock::RegularTileIterator<cutlass::MatrixShape<int=8, int=128>, float, cutlass::layout::RowMajor, int=0, cutlass::transform::PitchLinearStripminedThreadMap<cutlass::layout::PitchLinearShape<int=128, int=8>, int=256, int=1>, int=4>, float, cutlass::layout::RowMajor, cutlass::gemm::threadblock::MmaPolicy<cutlass::gemm::warp::MmaSimt<cutlass::gemm::GemmShape<int=32, int=64, int=8>, float, cutlass::layout::ColumnMajor, float, cutlass::layout::RowMajor, float, cutlass::layout::RowMajor, cutlass::gemm::warp::MmaSimtPolicy<cutlass::MatrixShape<int=4, int=8>, cutlass::layout::RowMajorInterleaved<int=2>, cutlass::gemm::GemmShape<int=4, int=4, int=1>>, int=1, bool>, cutlass::MatrixShape<int=4, int=0>, cutlass::MatrixShape<int=0, int=0>, int=1>, cutlass::NumericArrayConverter<float, float, int=4, cutlass::FloatRoundStyle>, cutlass::NumericArrayConverter<float, float, int=4, cutlass::FloatRoundStyle>, bool>, cutlass::epilogue::threadblock::Epilogue<cutlass::gemm::GemmShape<int=128, int=128, int=8>, cutlass::gemm::warp::MmaSimt<cutlass::gemm::GemmShape<int=32, int=64, int=8>, float, cutlass::layout::ColumnMajor, float, cutlass::layout::RowMajor, float, cutlass::layout::RowMajor, cutlass::gemm::warp::MmaSimtPolicy<cutlass::MatrixShape<int=4, int=8>, cutlass::layout::RowMajorInterleaved<int=2>, cutlass::gemm::GemmShape<int=4, int=4, int=1>>, int=1, bool>, int=1, cutlass::epilogue::threadblock::PredicatedTileIterator<cutlass::epilogue::threadblock::OutputTileOptimalThreadMap<cutlass::epilogue::threadblock::OutputTileShape<int=128, int=1, int=4, int=4, int=1>, cutlass::epilogue::threadblock::OutputTileShape<int=1, int=4, int=2, int=1, int=8>, int=256, int=1, int=32>, float>, cutlass::epilogue::warp::FragmentIteratorSimt<cutlass::gemm::GemmShape<int=32, int=64, int=8>, cutlass::gemm::thread::Mma<cutlass::gemm::GemmShape<int=8, int=8, int=1>, float, cutlass::layout::ColumnMajor, float, cutlass::layout::RowMajor, float, cutlass::layout::RowMajor, cutlass::arch::OpMultiplyAdd, bool>, cutlass::layout::RowMajor, cutlass::gemm::warp::MmaSimtPolicy<cutlass::MatrixShape<int=4, int=8>, cutlass::layout::RowMajorInterleaved<int=2>, cutlass::gemm::GemmShape<int=4, int=4, int=1>>>, cutlass::epilogue::warp::TileIteratorSimt<cutlass::gemm::GemmShape<int=32, int=64, int=8>, cutlass::gemm::thread::Mma<cutlass::gemm::GemmShape<int=8, int=8, int=1>, float, cutlass::layout::ColumnMajor, float, cutlass::layout::RowMajor, float, cutlass::layout::RowMajor, cutlass::arch::OpMultiplyAdd, bool>, float, cutlass::layout::RowMajor, cutlass::gemm::warp::MmaSimtPolicy<cutlass::MatrixShape<int=4, int=8>, cutlass::layout::RowMajorInterleaved<int=2>, cutlass::gemm::GemmShape<int=4, int=4, int=1>>>, cutlass::epilogue::threadblock::SharedLoadIterator<cutlass::epilogue::threadblock::OutputTileOptimalThreadMap<cutlass::epilogue::threadblock::OutputTileShape<int=128, int=1, int=4, int=4, int=1>::CompactedThreadMap, cutlass::epilogue::threadblock::OutputTileShape<int=1, int=4, int=2, int=1, int=8>, int=256, int=1, int=32>, float, int=4>, cutlass::epilogue::thread::LinearCombination<float",23729
20.938402,0.001472,,,,,,,,,,112,72.562176,"Pageable","Device","Tesla V100-PCIE-32GB (0)","1","7","[CUDA memcpy HtoD]",23749
20.939075,0.020671,2048,1,1,384,1,1,16,0.000000,0.000000,,,,,"Tesla V100-PCIE-32GB (0)","1","7","void scal_kernel_val<double, double>(cublasScalParamsVal<double, double>)",23863
20.939541,39.114349,6,3528,1,256,1,1,124,0.000000,16.250000,,,,,"Tesla V100-PCIE-32GB (0)","1","7","void cutlass::Kernel<cutlass::gemm::kernel::Gemm<cutlass::gemm::threadblock::MmaPipelined<cutlass::gemm::GemmShape<int=128, int=128, int=8>, cutlass::transform::threadblock::PredicatedTileIterator<cutlass::MatrixShape<int=128, int=8>, float, cutlass::layout::RowMajor, int=1, cutlass::transform::PitchLinearStripminedThreadMap<cutlass::layout::PitchLinearShape<int=8, int=128>, int=256, int=1>, int=1>, cutlass::transform::threadblock::RegularTileIterator<cutlass::MatrixShape<int=128, int=8>, float, cutlass::layout::ColumnMajor, int=1, cutlass::transform::TransposePitchLinearThreadMapSimt<cutlass::transform::PitchLinearStripminedThreadMap<cutlass::layout::PitchLinearShape<int=8, int=128>, int=256, int=1>>, int=4>, cutlass::transform::threadblock::PredicatedTileIterator<cutlass::MatrixShape<int=8, int=128>, float, cutlass::layout::RowMajor, int=0, cutlass::transform::PitchLinearStripminedThreadMap<cutlass::layout::PitchLinearShape<int=128, int=8>, int=256, int=1>, int=1>, cutlass::transform::threadblock::RegularTileIterator<cutlass::MatrixShape<int=8, int=128>, float, cutlass::layout::RowMajor, int=0, cutlass::transform::PitchLinearStripminedThreadMap<cutlass::layout::PitchLinearShape<int=128, int=8>, int=256, int=1>, int=4>, float, cutlass::layout::RowMajor, cutlass::gemm::threadblock::MmaPolicy<cutlass::gemm::warp::MmaSimt<cutlass::gemm::GemmShape<int=32, int=64, int=8>, float, cutlass::layout::ColumnMajor, float, cutlass::layout::RowMajor, float, cutlass::layout::RowMajor, cutlass::gemm::warp::MmaSimtPolicy<cutlass::MatrixShape<int=4, int=8>, cutlass::layout::RowMajorInterleaved<int=2>, cutlass::gemm::GemmShape<int=4, int=4, int=1>>, int=1, bool>, cutlass::MatrixShape<int=4, int=0>, cutlass::MatrixShape<int=0, int=0>, int=1>, cutlass::NumericArrayConverter<float, float, int=4, cutlass::FloatRoundStyle>, cutlass::NumericArrayConverter<float, float, int=4, cutlass::FloatRoundStyle>, bool>, cutlass::epilogue::threadblock::Epilogue<cutlass::gemm::GemmShape<int=128, int=128, int=8>, cutlass::gemm::warp::MmaSimt<cutlass::gemm::GemmShape<int=32, int=64, int=8>, float, cutlass::layout::ColumnMajor, float, cutlass::layout::RowMajor, float, cutlass::layout::RowMajor, cutlass::gemm::warp::MmaSimtPolicy<cutlass::MatrixShape<int=4, int=8>, cutlass::layout::RowMajorInterleaved<int=2>, cutlass::gemm::GemmShape<int=4, int=4, int=1>>, int=1, bool>, int=1, cutlass::epilogue::threadblock::PredicatedTileIterator<cutlass::epilogue::threadblock::OutputTileOptimalThreadMap<cutlass::epilogue::threadblock::OutputTileShape<int=128, int=1, int=4, int=4, int=1>, cutlass::epilogue::threadblock::OutputTileShape<int=1, int=4, int=2, int=1, int=8>, int=256, int=1, int=32>, float>, cutlass::epilogue::warp::FragmentIteratorSimt<cutlass::gemm::GemmShape<int=32, int=64, int=8>, cutlass::gemm::thread::Mma<cutlass::gemm::GemmShape<int=8, int=8, int=1>, float, cutlass::layout::ColumnMajor, float, cutlass::layout::RowMajor, float, cutlass::layout::RowMajor, cutlass::arch::OpMultiplyAdd, bool>, cutlass::layout::RowMajor, cutlass::gemm::warp::MmaSimtPolicy<cutlass::MatrixShape<int=4, int=8>, cutlass::layout::RowMajorInterleaved<int=2>, cutlass::gemm::GemmShape<int=4, int=4, int=1>>>, cutlass::epilogue::warp::TileIteratorSimt<cutlass::gemm::GemmShape<int=32, int=64, int=8>, cutlass::gemm::thread::Mma<cutlass::gemm::GemmShape<int=8, int=8, int=1>, float, cutlass::layout::ColumnMajor, float, cutlass::layout::RowMajor, float, cutlass::layout::RowMajor, cutlass::arch::OpMultiplyAdd, bool>, float, cutlass::layout::RowMajor, cutlass::gemm::warp::MmaSimtPolicy<cutlass::MatrixShape<int=4, int=8>, cutlass::layout::RowMajorInterleaved<int=2>, cutlass::gemm::GemmShape<int=4, int=4, int=1>>>, cutlass::epilogue::threadblock::SharedLoadIterator<cutlass::epilogue::threadblock::OutputTileOptimalThreadMap<cutlass::epilogue::threadblock::OutputTileShape<int=128, int=1, int=4, int=4, int=1>::CompactedThreadMap, cutlass::epilogue::threadblock::OutputTileShape<int=1, int=4, int=2, int=1, int=8>, int=256, int=1, int=32>, float, int=4>, cutlass::epilogue::thread::LinearCombination<float",23892
20.978665,0.001472,,,,,,,,,,112,72.562176,"Pageable","Device","Tesla V100-PCIE-32GB (0)","1","7","[CUDA memcpy HtoD]",23912
20.979342,0.020416,2048,1,1,384,1,1,16,0.000000,0.000000,,,,,"Tesla V100-PCIE-32GB (0)","1","7","void scal_kernel_val<double, double>(cublasScalParamsVal<double, double>)",24026
20.979789,39.070541,6,3528,1,256,1,1,124,0.000000,16.250000,,,,,"Tesla V100-PCIE-32GB (0)","1","7","void cutlass::Kernel<cutlass::gemm::kernel::Gemm<cutlass::gemm::threadblock::MmaPipelined<cutlass::gemm::GemmShape<int=128, int=128, int=8>, cutlass::transform::threadblock::PredicatedTileIterator<cutlass::MatrixShape<int=128, int=8>, float, cutlass::layout::RowMajor, int=1, cutlass::transform::PitchLinearStripminedThreadMap<cutlass::layout::PitchLinearShape<int=8, int=128>, int=256, int=1>, int=1>, cutlass::transform::threadblock::RegularTileIterator<cutlass::MatrixShape<int=128, int=8>, float, cutlass::layout::ColumnMajor, int=1, cutlass::transform::TransposePitchLinearThreadMapSimt<cutlass::transform::PitchLinearStripminedThreadMap<cutlass::layout::PitchLinearShape<int=8, int=128>, int=256, int=1>>, int=4>, cutlass::transform::threadblock::PredicatedTileIterator<cutlass::MatrixShape<int=8, int=128>, float, cutlass::layout::RowMajor, int=0, cutlass::transform::PitchLinearStripminedThreadMap<cutlass::layout::PitchLinearShape<int=128, int=8>, int=256, int=1>, int=1>, cutlass::transform::threadblock::RegularTileIterator<cutlass::MatrixShape<int=8, int=128>, float, cutlass::layout::RowMajor, int=0, cutlass::transform::PitchLinearStripminedThreadMap<cutlass::layout::PitchLinearShape<int=128, int=8>, int=256, int=1>, int=4>, float, cutlass::layout::RowMajor, cutlass::gemm::threadblock::MmaPolicy<cutlass::gemm::warp::MmaSimt<cutlass::gemm::GemmShape<int=32, int=64, int=8>, float, cutlass::layout::ColumnMajor, float, cutlass::layout::RowMajor, float, cutlass::layout::RowMajor, cutlass::gemm::warp::MmaSimtPolicy<cutlass::MatrixShape<int=4, int=8>, cutlass::layout::RowMajorInterleaved<int=2>, cutlass::gemm::GemmShape<int=4, int=4, int=1>>, int=1, bool>, cutlass::MatrixShape<int=4, int=0>, cutlass::MatrixShape<int=0, int=0>, int=1>, cutlass::NumericArrayConverter<float, float, int=4, cutlass::FloatRoundStyle>, cutlass::NumericArrayConverter<float, float, int=4, cutlass::FloatRoundStyle>, bool>, cutlass::epilogue::threadblock::Epilogue<cutlass::gemm::GemmShape<int=128, int=128, int=8>, cutlass::gemm::warp::MmaSimt<cutlass::gemm::GemmShape<int=32, int=64, int=8>, float, cutlass::layout::ColumnMajor, float, cutlass::layout::RowMajor, float, cutlass::layout::RowMajor, cutlass::gemm::warp::MmaSimtPolicy<cutlass::MatrixShape<int=4, int=8>, cutlass::layout::RowMajorInterleaved<int=2>, cutlass::gemm::GemmShape<int=4, int=4, int=1>>, int=1, bool>, int=1, cutlass::epilogue::threadblock::PredicatedTileIterator<cutlass::epilogue::threadblock::OutputTileOptimalThreadMap<cutlass::epilogue::threadblock::OutputTileShape<int=128, int=1, int=4, int=4, int=1>, cutlass::epilogue::threadblock::OutputTileShape<int=1, int=4, int=2, int=1, int=8>, int=256, int=1, int=32>, float>, cutlass::epilogue::warp::FragmentIteratorSimt<cutlass::gemm::GemmShape<int=32, int=64, int=8>, cutlass::gemm::thread::Mma<cutlass::gemm::GemmShape<int=8, int=8, int=1>, float, cutlass::layout::ColumnMajor, float, cutlass::layout::RowMajor, float, cutlass::layout::RowMajor, cutlass::arch::OpMultiplyAdd, bool>, cutlass::layout::RowMajor, cutlass::gemm::warp::MmaSimtPolicy<cutlass::MatrixShape<int=4, int=8>, cutlass::layout::RowMajorInterleaved<int=2>, cutlass::gemm::GemmShape<int=4, int=4, int=1>>>, cutlass::epilogue::warp::TileIteratorSimt<cutlass::gemm::GemmShape<int=32, int=64, int=8>, cutlass::gemm::thread::Mma<cutlass::gemm::GemmShape<int=8, int=8, int=1>, float, cutlass::layout::ColumnMajor, float, cutlass::layout::RowMajor, float, cutlass::layout::RowMajor, cutlass::arch::OpMultiplyAdd, bool>, float, cutlass::layout::RowMajor, cutlass::gemm::warp::MmaSimtPolicy<cutlass::MatrixShape<int=4, int=8>, cutlass::layout::RowMajorInterleaved<int=2>, cutlass::gemm::GemmShape<int=4, int=4, int=1>>>, cutlass::epilogue::threadblock::SharedLoadIterator<cutlass::epilogue::threadblock::OutputTileOptimalThreadMap<cutlass::epilogue::threadblock::OutputTileShape<int=128, int=1, int=4, int=4, int=1>::CompactedThreadMap, cutlass::epilogue::threadblock::OutputTileShape<int=1, int=4, int=2, int=1, int=8>, int=256, int=1, int=32>, float, int=4>, cutlass::epilogue::thread::LinearCombination<float",24055
21.018870,0.001472,,,,,,,,,,112,72.562176,"Pageable","Device","Tesla V100-PCIE-32GB (0)","1","7","[CUDA memcpy HtoD]",24075
21.019552,0.021280,2048,1,1,384,1,1,16,0.000000,0.000000,,,,,"Tesla V100-PCIE-32GB (0)","1","7","void scal_kernel_val<double, double>(cublasScalParamsVal<double, double>)",24189
21.019997,39.078381,6,3528,1,256,1,1,124,0.000000,16.250000,,,,,"Tesla V100-PCIE-32GB (0)","1","7","void cutlass::Kernel<cutlass::gemm::kernel::Gemm<cutlass::gemm::threadblock::MmaPipelined<cutlass::gemm::GemmShape<int=128, int=128, int=8>, cutlass::transform::threadblock::PredicatedTileIterator<cutlass::MatrixShape<int=128, int=8>, float, cutlass::layout::RowMajor, int=1, cutlass::transform::PitchLinearStripminedThreadMap<cutlass::layout::PitchLinearShape<int=8, int=128>, int=256, int=1>, int=1>, cutlass::transform::threadblock::RegularTileIterator<cutlass::MatrixShape<int=128, int=8>, float, cutlass::layout::ColumnMajor, int=1, cutlass::transform::TransposePitchLinearThreadMapSimt<cutlass::transform::PitchLinearStripminedThreadMap<cutlass::layout::PitchLinearShape<int=8, int=128>, int=256, int=1>>, int=4>, cutlass::transform::threadblock::PredicatedTileIterator<cutlass::MatrixShape<int=8, int=128>, float, cutlass::layout::RowMajor, int=0, cutlass::transform::PitchLinearStripminedThreadMap<cutlass::layout::PitchLinearShape<int=128, int=8>, int=256, int=1>, int=1>, cutlass::transform::threadblock::RegularTileIterator<cutlass::MatrixShape<int=8, int=128>, float, cutlass::layout::RowMajor, int=0, cutlass::transform::PitchLinearStripminedThreadMap<cutlass::layout::PitchLinearShape<int=128, int=8>, int=256, int=1>, int=4>, float, cutlass::layout::RowMajor, cutlass::gemm::threadblock::MmaPolicy<cutlass::gemm::warp::MmaSimt<cutlass::gemm::GemmShape<int=32, int=64, int=8>, float, cutlass::layout::ColumnMajor, float, cutlass::layout::RowMajor, float, cutlass::layout::RowMajor, cutlass::gemm::warp::MmaSimtPolicy<cutlass::MatrixShape<int=4, int=8>, cutlass::layout::RowMajorInterleaved<int=2>, cutlass::gemm::GemmShape<int=4, int=4, int=1>>, int=1, bool>, cutlass::MatrixShape<int=4, int=0>, cutlass::MatrixShape<int=0, int=0>, int=1>, cutlass::NumericArrayConverter<float, float, int=4, cutlass::FloatRoundStyle>, cutlass::NumericArrayConverter<float, float, int=4, cutlass::FloatRoundStyle>, bool>, cutlass::epilogue::threadblock::Epilogue<cutlass::gemm::GemmShape<int=128, int=128, int=8>, cutlass::gemm::warp::MmaSimt<cutlass::gemm::GemmShape<int=32, int=64, int=8>, float, cutlass::layout::ColumnMajor, float, cutlass::layout::RowMajor, float, cutlass::layout::RowMajor, cutlass::gemm::warp::MmaSimtPolicy<cutlass::MatrixShape<int=4, int=8>, cutlass::layout::RowMajorInterleaved<int=2>, cutlass::gemm::GemmShape<int=4, int=4, int=1>>, int=1, bool>, int=1, cutlass::epilogue::threadblock::PredicatedTileIterator<cutlass::epilogue::threadblock::OutputTileOptimalThreadMap<cutlass::epilogue::threadblock::OutputTileShape<int=128, int=1, int=4, int=4, int=1>, cutlass::epilogue::threadblock::OutputTileShape<int=1, int=4, int=2, int=1, int=8>, int=256, int=1, int=32>, float>, cutlass::epilogue::warp::FragmentIteratorSimt<cutlass::gemm::GemmShape<int=32, int=64, int=8>, cutlass::gemm::thread::Mma<cutlass::gemm::GemmShape<int=8, int=8, int=1>, float, cutlass::layout::ColumnMajor, float, cutlass::layout::RowMajor, float, cutlass::layout::RowMajor, cutlass::arch::OpMultiplyAdd, bool>, cutlass::layout::RowMajor, cutlass::gemm::warp::MmaSimtPolicy<cutlass::MatrixShape<int=4, int=8>, cutlass::layout::RowMajorInterleaved<int=2>, cutlass::gemm::GemmShape<int=4, int=4, int=1>>>, cutlass::epilogue::warp::TileIteratorSimt<cutlass::gemm::GemmShape<int=32, int=64, int=8>, cutlass::gemm::thread::Mma<cutlass::gemm::GemmShape<int=8, int=8, int=1>, float, cutlass::layout::ColumnMajor, float, cutlass::layout::RowMajor, float, cutlass::layout::RowMajor, cutlass::arch::OpMultiplyAdd, bool>, float, cutlass::layout::RowMajor, cutlass::gemm::warp::MmaSimtPolicy<cutlass::MatrixShape<int=4, int=8>, cutlass::layout::RowMajorInterleaved<int=2>, cutlass::gemm::GemmShape<int=4, int=4, int=1>>>, cutlass::epilogue::threadblock::SharedLoadIterator<cutlass::epilogue::threadblock::OutputTileOptimalThreadMap<cutlass::epilogue::threadblock::OutputTileShape<int=128, int=1, int=4, int=4, int=1>::CompactedThreadMap, cutlass::epilogue::threadblock::OutputTileShape<int=1, int=4, int=2, int=1, int=8>, int=256, int=1, int=32>, float, int=4>, cutlass::epilogue::thread::LinearCombination<float",24218
21.059084,0.001472,,,,,,,,,,112,72.562176,"Pageable","Device","Tesla V100-PCIE-32GB (0)","1","7","[CUDA memcpy HtoD]",24238
21.059755,0.020512,2048,1,1,384,1,1,16,0.000000,0.000000,,,,,"Tesla V100-PCIE-32GB (0)","1","7","void scal_kernel_val<double, double>(cublasScalParamsVal<double, double>)",24352
21.060183,39.090477,6,3528,1,256,1,1,124,0.000000,16.250000,,,,,"Tesla V100-PCIE-32GB (0)","1","7","void cutlass::Kernel<cutlass::gemm::kernel::Gemm<cutlass::gemm::threadblock::MmaPipelined<cutlass::gemm::GemmShape<int=128, int=128, int=8>, cutlass::transform::threadblock::PredicatedTileIterator<cutlass::MatrixShape<int=128, int=8>, float, cutlass::layout::RowMajor, int=1, cutlass::transform::PitchLinearStripminedThreadMap<cutlass::layout::PitchLinearShape<int=8, int=128>, int=256, int=1>, int=1>, cutlass::transform::threadblock::RegularTileIterator<cutlass::MatrixShape<int=128, int=8>, float, cutlass::layout::ColumnMajor, int=1, cutlass::transform::TransposePitchLinearThreadMapSimt<cutlass::transform::PitchLinearStripminedThreadMap<cutlass::layout::PitchLinearShape<int=8, int=128>, int=256, int=1>>, int=4>, cutlass::transform::threadblock::PredicatedTileIterator<cutlass::MatrixShape<int=8, int=128>, float, cutlass::layout::RowMajor, int=0, cutlass::transform::PitchLinearStripminedThreadMap<cutlass::layout::PitchLinearShape<int=128, int=8>, int=256, int=1>, int=1>, cutlass::transform::threadblock::RegularTileIterator<cutlass::MatrixShape<int=8, int=128>, float, cutlass::layout::RowMajor, int=0, cutlass::transform::PitchLinearStripminedThreadMap<cutlass::layout::PitchLinearShape<int=128, int=8>, int=256, int=1>, int=4>, float, cutlass::layout::RowMajor, cutlass::gemm::threadblock::MmaPolicy<cutlass::gemm::warp::MmaSimt<cutlass::gemm::GemmShape<int=32, int=64, int=8>, float, cutlass::layout::ColumnMajor, float, cutlass::layout::RowMajor, float, cutlass::layout::RowMajor, cutlass::gemm::warp::MmaSimtPolicy<cutlass::MatrixShape<int=4, int=8>, cutlass::layout::RowMajorInterleaved<int=2>, cutlass::gemm::GemmShape<int=4, int=4, int=1>>, int=1, bool>, cutlass::MatrixShape<int=4, int=0>, cutlass::MatrixShape<int=0, int=0>, int=1>, cutlass::NumericArrayConverter<float, float, int=4, cutlass::FloatRoundStyle>, cutlass::NumericArrayConverter<float, float, int=4, cutlass::FloatRoundStyle>, bool>, cutlass::epilogue::threadblock::Epilogue<cutlass::gemm::GemmShape<int=128, int=128, int=8>, cutlass::gemm::warp::MmaSimt<cutlass::gemm::GemmShape<int=32, int=64, int=8>, float, cutlass::layout::ColumnMajor, float, cutlass::layout::RowMajor, float, cutlass::layout::RowMajor, cutlass::gemm::warp::MmaSimtPolicy<cutlass::MatrixShape<int=4, int=8>, cutlass::layout::RowMajorInterleaved<int=2>, cutlass::gemm::GemmShape<int=4, int=4, int=1>>, int=1, bool>, int=1, cutlass::epilogue::threadblock::PredicatedTileIterator<cutlass::epilogue::threadblock::OutputTileOptimalThreadMap<cutlass::epilogue::threadblock::OutputTileShape<int=128, int=1, int=4, int=4, int=1>, cutlass::epilogue::threadblock::OutputTileShape<int=1, int=4, int=2, int=1, int=8>, int=256, int=1, int=32>, float>, cutlass::epilogue::warp::FragmentIteratorSimt<cutlass::gemm::GemmShape<int=32, int=64, int=8>, cutlass::gemm::thread::Mma<cutlass::gemm::GemmShape<int=8, int=8, int=1>, float, cutlass::layout::ColumnMajor, float, cutlass::layout::RowMajor, float, cutlass::layout::RowMajor, cutlass::arch::OpMultiplyAdd, bool>, cutlass::layout::RowMajor, cutlass::gemm::warp::MmaSimtPolicy<cutlass::MatrixShape<int=4, int=8>, cutlass::layout::RowMajorInterleaved<int=2>, cutlass::gemm::GemmShape<int=4, int=4, int=1>>>, cutlass::epilogue::warp::TileIteratorSimt<cutlass::gemm::GemmShape<int=32, int=64, int=8>, cutlass::gemm::thread::Mma<cutlass::gemm::GemmShape<int=8, int=8, int=1>, float, cutlass::layout::ColumnMajor, float, cutlass::layout::RowMajor, float, cutlass::layout::RowMajor, cutlass::arch::OpMultiplyAdd, bool>, float, cutlass::layout::RowMajor, cutlass::gemm::warp::MmaSimtPolicy<cutlass::MatrixShape<int=4, int=8>, cutlass::layout::RowMajorInterleaved<int=2>, cutlass::gemm::GemmShape<int=4, int=4, int=1>>>, cutlass::epilogue::threadblock::SharedLoadIterator<cutlass::epilogue::threadblock::OutputTileOptimalThreadMap<cutlass::epilogue::threadblock::OutputTileShape<int=128, int=1, int=4, int=4, int=1>::CompactedThreadMap, cutlass::epilogue::threadblock::OutputTileShape<int=1, int=4, int=2, int=1, int=8>, int=256, int=1, int=32>, float, int=4>, cutlass::epilogue::thread::LinearCombination<float",24381
21.099282,0.001504,,,,,,,,,,112,71.018300,"Pageable","Device","Tesla V100-PCIE-32GB (0)","1","7","[CUDA memcpy HtoD]",24401
21.099973,0.020319,2048,1,1,384,1,1,16,0.000000,0.000000,,,,,"Tesla V100-PCIE-32GB (0)","1","7","void scal_kernel_val<double, double>(cublasScalParamsVal<double, double>)",24515
21.100421,39.081005,6,3528,1,256,1,1,124,0.000000,16.250000,,,,,"Tesla V100-PCIE-32GB (0)","1","7","void cutlass::Kernel<cutlass::gemm::kernel::Gemm<cutlass::gemm::threadblock::MmaPipelined<cutlass::gemm::GemmShape<int=128, int=128, int=8>, cutlass::transform::threadblock::PredicatedTileIterator<cutlass::MatrixShape<int=128, int=8>, float, cutlass::layout::RowMajor, int=1, cutlass::transform::PitchLinearStripminedThreadMap<cutlass::layout::PitchLinearShape<int=8, int=128>, int=256, int=1>, int=1>, cutlass::transform::threadblock::RegularTileIterator<cutlass::MatrixShape<int=128, int=8>, float, cutlass::layout::ColumnMajor, int=1, cutlass::transform::TransposePitchLinearThreadMapSimt<cutlass::transform::PitchLinearStripminedThreadMap<cutlass::layout::PitchLinearShape<int=8, int=128>, int=256, int=1>>, int=4>, cutlass::transform::threadblock::PredicatedTileIterator<cutlass::MatrixShape<int=8, int=128>, float, cutlass::layout::RowMajor, int=0, cutlass::transform::PitchLinearStripminedThreadMap<cutlass::layout::PitchLinearShape<int=128, int=8>, int=256, int=1>, int=1>, cutlass::transform::threadblock::RegularTileIterator<cutlass::MatrixShape<int=8, int=128>, float, cutlass::layout::RowMajor, int=0, cutlass::transform::PitchLinearStripminedThreadMap<cutlass::layout::PitchLinearShape<int=128, int=8>, int=256, int=1>, int=4>, float, cutlass::layout::RowMajor, cutlass::gemm::threadblock::MmaPolicy<cutlass::gemm::warp::MmaSimt<cutlass::gemm::GemmShape<int=32, int=64, int=8>, float, cutlass::layout::ColumnMajor, float, cutlass::layout::RowMajor, float, cutlass::layout::RowMajor, cutlass::gemm::warp::MmaSimtPolicy<cutlass::MatrixShape<int=4, int=8>, cutlass::layout::RowMajorInterleaved<int=2>, cutlass::gemm::GemmShape<int=4, int=4, int=1>>, int=1, bool>, cutlass::MatrixShape<int=4, int=0>, cutlass::MatrixShape<int=0, int=0>, int=1>, cutlass::NumericArrayConverter<float, float, int=4, cutlass::FloatRoundStyle>, cutlass::NumericArrayConverter<float, float, int=4, cutlass::FloatRoundStyle>, bool>, cutlass::epilogue::threadblock::Epilogue<cutlass::gemm::GemmShape<int=128, int=128, int=8>, cutlass::gemm::warp::MmaSimt<cutlass::gemm::GemmShape<int=32, int=64, int=8>, float, cutlass::layout::ColumnMajor, float, cutlass::layout::RowMajor, float, cutlass::layout::RowMajor, cutlass::gemm::warp::MmaSimtPolicy<cutlass::MatrixShape<int=4, int=8>, cutlass::layout::RowMajorInterleaved<int=2>, cutlass::gemm::GemmShape<int=4, int=4, int=1>>, int=1, bool>, int=1, cutlass::epilogue::threadblock::PredicatedTileIterator<cutlass::epilogue::threadblock::OutputTileOptimalThreadMap<cutlass::epilogue::threadblock::OutputTileShape<int=128, int=1, int=4, int=4, int=1>, cutlass::epilogue::threadblock::OutputTileShape<int=1, int=4, int=2, int=1, int=8>, int=256, int=1, int=32>, float>, cutlass::epilogue::warp::FragmentIteratorSimt<cutlass::gemm::GemmShape<int=32, int=64, int=8>, cutlass::gemm::thread::Mma<cutlass::gemm::GemmShape<int=8, int=8, int=1>, float, cutlass::layout::ColumnMajor, float, cutlass::layout::RowMajor, float, cutlass::layout::RowMajor, cutlass::arch::OpMultiplyAdd, bool>, cutlass::layout::RowMajor, cutlass::gemm::warp::MmaSimtPolicy<cutlass::MatrixShape<int=4, int=8>, cutlass::layout::RowMajorInterleaved<int=2>, cutlass::gemm::GemmShape<int=4, int=4, int=1>>>, cutlass::epilogue::warp::TileIteratorSimt<cutlass::gemm::GemmShape<int=32, int=64, int=8>, cutlass::gemm::thread::Mma<cutlass::gemm::GemmShape<int=8, int=8, int=1>, float, cutlass::layout::ColumnMajor, float, cutlass::layout::RowMajor, float, cutlass::layout::RowMajor, cutlass::arch::OpMultiplyAdd, bool>, float, cutlass::layout::RowMajor, cutlass::gemm::warp::MmaSimtPolicy<cutlass::MatrixShape<int=4, int=8>, cutlass::layout::RowMajorInterleaved<int=2>, cutlass::gemm::GemmShape<int=4, int=4, int=1>>>, cutlass::epilogue::threadblock::SharedLoadIterator<cutlass::epilogue::threadblock::OutputTileOptimalThreadMap<cutlass::epilogue::threadblock::OutputTileShape<int=128, int=1, int=4, int=4, int=1>::CompactedThreadMap, cutlass::epilogue::threadblock::OutputTileShape<int=1, int=4, int=2, int=1, int=8>, int=256, int=1, int=32>, float, int=4>, cutlass::epilogue::thread::LinearCombination<float",24544
21.139512,0.001472,,,,,,,,,,112,72.562176,"Pageable","Device","Tesla V100-PCIE-32GB (0)","1","7","[CUDA memcpy HtoD]",24564
21.140184,0.020703,2048,1,1,384,1,1,16,0.000000,0.000000,,,,,"Tesla V100-PCIE-32GB (0)","1","7","void scal_kernel_val<double, double>(cublasScalParamsVal<double, double>)",24678
21.140626,39.077229,6,3528,1,256,1,1,124,0.000000,16.250000,,,,,"Tesla V100-PCIE-32GB (0)","1","7","void cutlass::Kernel<cutlass::gemm::kernel::Gemm<cutlass::gemm::threadblock::MmaPipelined<cutlass::gemm::GemmShape<int=128, int=128, int=8>, cutlass::transform::threadblock::PredicatedTileIterator<cutlass::MatrixShape<int=128, int=8>, float, cutlass::layout::RowMajor, int=1, cutlass::transform::PitchLinearStripminedThreadMap<cutlass::layout::PitchLinearShape<int=8, int=128>, int=256, int=1>, int=1>, cutlass::transform::threadblock::RegularTileIterator<cutlass::MatrixShape<int=128, int=8>, float, cutlass::layout::ColumnMajor, int=1, cutlass::transform::TransposePitchLinearThreadMapSimt<cutlass::transform::PitchLinearStripminedThreadMap<cutlass::layout::PitchLinearShape<int=8, int=128>, int=256, int=1>>, int=4>, cutlass::transform::threadblock::PredicatedTileIterator<cutlass::MatrixShape<int=8, int=128>, float, cutlass::layout::RowMajor, int=0, cutlass::transform::PitchLinearStripminedThreadMap<cutlass::layout::PitchLinearShape<int=128, int=8>, int=256, int=1>, int=1>, cutlass::transform::threadblock::RegularTileIterator<cutlass::MatrixShape<int=8, int=128>, float, cutlass::layout::RowMajor, int=0, cutlass::transform::PitchLinearStripminedThreadMap<cutlass::layout::PitchLinearShape<int=128, int=8>, int=256, int=1>, int=4>, float, cutlass::layout::RowMajor, cutlass::gemm::threadblock::MmaPolicy<cutlass::gemm::warp::MmaSimt<cutlass::gemm::GemmShape<int=32, int=64, int=8>, float, cutlass::layout::ColumnMajor, float, cutlass::layout::RowMajor, float, cutlass::layout::RowMajor, cutlass::gemm::warp::MmaSimtPolicy<cutlass::MatrixShape<int=4, int=8>, cutlass::layout::RowMajorInterleaved<int=2>, cutlass::gemm::GemmShape<int=4, int=4, int=1>>, int=1, bool>, cutlass::MatrixShape<int=4, int=0>, cutlass::MatrixShape<int=0, int=0>, int=1>, cutlass::NumericArrayConverter<float, float, int=4, cutlass::FloatRoundStyle>, cutlass::NumericArrayConverter<float, float, int=4, cutlass::FloatRoundStyle>, bool>, cutlass::epilogue::threadblock::Epilogue<cutlass::gemm::GemmShape<int=128, int=128, int=8>, cutlass::gemm::warp::MmaSimt<cutlass::gemm::GemmShape<int=32, int=64, int=8>, float, cutlass::layout::ColumnMajor, float, cutlass::layout::RowMajor, float, cutlass::layout::RowMajor, cutlass::gemm::warp::MmaSimtPolicy<cutlass::MatrixShape<int=4, int=8>, cutlass::layout::RowMajorInterleaved<int=2>, cutlass::gemm::GemmShape<int=4, int=4, int=1>>, int=1, bool>, int=1, cutlass::epilogue::threadblock::PredicatedTileIterator<cutlass::epilogue::threadblock::OutputTileOptimalThreadMap<cutlass::epilogue::threadblock::OutputTileShape<int=128, int=1, int=4, int=4, int=1>, cutlass::epilogue::threadblock::OutputTileShape<int=1, int=4, int=2, int=1, int=8>, int=256, int=1, int=32>, float>, cutlass::epilogue::warp::FragmentIteratorSimt<cutlass::gemm::GemmShape<int=32, int=64, int=8>, cutlass::gemm::thread::Mma<cutlass::gemm::GemmShape<int=8, int=8, int=1>, float, cutlass::layout::ColumnMajor, float, cutlass::layout::RowMajor, float, cutlass::layout::RowMajor, cutlass::arch::OpMultiplyAdd, bool>, cutlass::layout::RowMajor, cutlass::gemm::warp::MmaSimtPolicy<cutlass::MatrixShape<int=4, int=8>, cutlass::layout::RowMajorInterleaved<int=2>, cutlass::gemm::GemmShape<int=4, int=4, int=1>>>, cutlass::epilogue::warp::TileIteratorSimt<cutlass::gemm::GemmShape<int=32, int=64, int=8>, cutlass::gemm::thread::Mma<cutlass::gemm::GemmShape<int=8, int=8, int=1>, float, cutlass::layout::ColumnMajor, float, cutlass::layout::RowMajor, float, cutlass::layout::RowMajor, cutlass::arch::OpMultiplyAdd, bool>, float, cutlass::layout::RowMajor, cutlass::gemm::warp::MmaSimtPolicy<cutlass::MatrixShape<int=4, int=8>, cutlass::layout::RowMajorInterleaved<int=2>, cutlass::gemm::GemmShape<int=4, int=4, int=1>>>, cutlass::epilogue::threadblock::SharedLoadIterator<cutlass::epilogue::threadblock::OutputTileOptimalThreadMap<cutlass::epilogue::threadblock::OutputTileShape<int=128, int=1, int=4, int=4, int=1>::CompactedThreadMap, cutlass::epilogue::threadblock::OutputTileShape<int=1, int=4, int=2, int=1, int=8>, int=256, int=1, int=32>, float, int=4>, cutlass::epilogue::thread::LinearCombination<float",24707
21.179713,0.001472,,,,,,,,,,112,72.562176,"Pageable","Device","Tesla V100-PCIE-32GB (0)","1","7","[CUDA memcpy HtoD]",24727
21.180383,0.020384,2048,1,1,384,1,1,16,0.000000,0.000000,,,,,"Tesla V100-PCIE-32GB (0)","1","7","void scal_kernel_val<double, double>(cublasScalParamsVal<double, double>)",24841
21.180826,39.075053,6,3528,1,256,1,1,124,0.000000,16.250000,,,,,"Tesla V100-PCIE-32GB (0)","1","7","void cutlass::Kernel<cutlass::gemm::kernel::Gemm<cutlass::gemm::threadblock::MmaPipelined<cutlass::gemm::GemmShape<int=128, int=128, int=8>, cutlass::transform::threadblock::PredicatedTileIterator<cutlass::MatrixShape<int=128, int=8>, float, cutlass::layout::RowMajor, int=1, cutlass::transform::PitchLinearStripminedThreadMap<cutlass::layout::PitchLinearShape<int=8, int=128>, int=256, int=1>, int=1>, cutlass::transform::threadblock::RegularTileIterator<cutlass::MatrixShape<int=128, int=8>, float, cutlass::layout::ColumnMajor, int=1, cutlass::transform::TransposePitchLinearThreadMapSimt<cutlass::transform::PitchLinearStripminedThreadMap<cutlass::layout::PitchLinearShape<int=8, int=128>, int=256, int=1>>, int=4>, cutlass::transform::threadblock::PredicatedTileIterator<cutlass::MatrixShape<int=8, int=128>, float, cutlass::layout::RowMajor, int=0, cutlass::transform::PitchLinearStripminedThreadMap<cutlass::layout::PitchLinearShape<int=128, int=8>, int=256, int=1>, int=1>, cutlass::transform::threadblock::RegularTileIterator<cutlass::MatrixShape<int=8, int=128>, float, cutlass::layout::RowMajor, int=0, cutlass::transform::PitchLinearStripminedThreadMap<cutlass::layout::PitchLinearShape<int=128, int=8>, int=256, int=1>, int=4>, float, cutlass::layout::RowMajor, cutlass::gemm::threadblock::MmaPolicy<cutlass::gemm::warp::MmaSimt<cutlass::gemm::GemmShape<int=32, int=64, int=8>, float, cutlass::layout::ColumnMajor, float, cutlass::layout::RowMajor, float, cutlass::layout::RowMajor, cutlass::gemm::warp::MmaSimtPolicy<cutlass::MatrixShape<int=4, int=8>, cutlass::layout::RowMajorInterleaved<int=2>, cutlass::gemm::GemmShape<int=4, int=4, int=1>>, int=1, bool>, cutlass::MatrixShape<int=4, int=0>, cutlass::MatrixShape<int=0, int=0>, int=1>, cutlass::NumericArrayConverter<float, float, int=4, cutlass::FloatRoundStyle>, cutlass::NumericArrayConverter<float, float, int=4, cutlass::FloatRoundStyle>, bool>, cutlass::epilogue::threadblock::Epilogue<cutlass::gemm::GemmShape<int=128, int=128, int=8>, cutlass::gemm::warp::MmaSimt<cutlass::gemm::GemmShape<int=32, int=64, int=8>, float, cutlass::layout::ColumnMajor, float, cutlass::layout::RowMajor, float, cutlass::layout::RowMajor, cutlass::gemm::warp::MmaSimtPolicy<cutlass::MatrixShape<int=4, int=8>, cutlass::layout::RowMajorInterleaved<int=2>, cutlass::gemm::GemmShape<int=4, int=4, int=1>>, int=1, bool>, int=1, cutlass::epilogue::threadblock::PredicatedTileIterator<cutlass::epilogue::threadblock::OutputTileOptimalThreadMap<cutlass::epilogue::threadblock::OutputTileShape<int=128, int=1, int=4, int=4, int=1>, cutlass::epilogue::threadblock::OutputTileShape<int=1, int=4, int=2, int=1, int=8>, int=256, int=1, int=32>, float>, cutlass::epilogue::warp::FragmentIteratorSimt<cutlass::gemm::GemmShape<int=32, int=64, int=8>, cutlass::gemm::thread::Mma<cutlass::gemm::GemmShape<int=8, int=8, int=1>, float, cutlass::layout::ColumnMajor, float, cutlass::layout::RowMajor, float, cutlass::layout::RowMajor, cutlass::arch::OpMultiplyAdd, bool>, cutlass::layout::RowMajor, cutlass::gemm::warp::MmaSimtPolicy<cutlass::MatrixShape<int=4, int=8>, cutlass::layout::RowMajorInterleaved<int=2>, cutlass::gemm::GemmShape<int=4, int=4, int=1>>>, cutlass::epilogue::warp::TileIteratorSimt<cutlass::gemm::GemmShape<int=32, int=64, int=8>, cutlass::gemm::thread::Mma<cutlass::gemm::GemmShape<int=8, int=8, int=1>, float, cutlass::layout::ColumnMajor, float, cutlass::layout::RowMajor, float, cutlass::layout::RowMajor, cutlass::arch::OpMultiplyAdd, bool>, float, cutlass::layout::RowMajor, cutlass::gemm::warp::MmaSimtPolicy<cutlass::MatrixShape<int=4, int=8>, cutlass::layout::RowMajorInterleaved<int=2>, cutlass::gemm::GemmShape<int=4, int=4, int=1>>>, cutlass::epilogue::threadblock::SharedLoadIterator<cutlass::epilogue::threadblock::OutputTileOptimalThreadMap<cutlass::epilogue::threadblock::OutputTileShape<int=128, int=1, int=4, int=4, int=1>::CompactedThreadMap, cutlass::epilogue::threadblock::OutputTileShape<int=1, int=4, int=2, int=1, int=8>, int=256, int=1, int=32>, float, int=4>, cutlass::epilogue::thread::LinearCombination<float",24870
21.219910,0.001472,,,,,,,,,,112,72.562176,"Pageable","Device","Tesla V100-PCIE-32GB (0)","1","7","[CUDA memcpy HtoD]",24890
21.220582,0.020384,2048,1,1,384,1,1,16,0.000000,0.000000,,,,,"Tesla V100-PCIE-32GB (0)","1","7","void scal_kernel_val<double, double>(cublasScalParamsVal<double, double>)",25004
21.221021,39.089581,6,3528,1,256,1,1,124,0.000000,16.250000,,,,,"Tesla V100-PCIE-32GB (0)","1","7","void cutlass::Kernel<cutlass::gemm::kernel::Gemm<cutlass::gemm::threadblock::MmaPipelined<cutlass::gemm::GemmShape<int=128, int=128, int=8>, cutlass::transform::threadblock::PredicatedTileIterator<cutlass::MatrixShape<int=128, int=8>, float, cutlass::layout::RowMajor, int=1, cutlass::transform::PitchLinearStripminedThreadMap<cutlass::layout::PitchLinearShape<int=8, int=128>, int=256, int=1>, int=1>, cutlass::transform::threadblock::RegularTileIterator<cutlass::MatrixShape<int=128, int=8>, float, cutlass::layout::ColumnMajor, int=1, cutlass::transform::TransposePitchLinearThreadMapSimt<cutlass::transform::PitchLinearStripminedThreadMap<cutlass::layout::PitchLinearShape<int=8, int=128>, int=256, int=1>>, int=4>, cutlass::transform::threadblock::PredicatedTileIterator<cutlass::MatrixShape<int=8, int=128>, float, cutlass::layout::RowMajor, int=0, cutlass::transform::PitchLinearStripminedThreadMap<cutlass::layout::PitchLinearShape<int=128, int=8>, int=256, int=1>, int=1>, cutlass::transform::threadblock::RegularTileIterator<cutlass::MatrixShape<int=8, int=128>, float, cutlass::layout::RowMajor, int=0, cutlass::transform::PitchLinearStripminedThreadMap<cutlass::layout::PitchLinearShape<int=128, int=8>, int=256, int=1>, int=4>, float, cutlass::layout::RowMajor, cutlass::gemm::threadblock::MmaPolicy<cutlass::gemm::warp::MmaSimt<cutlass::gemm::GemmShape<int=32, int=64, int=8>, float, cutlass::layout::ColumnMajor, float, cutlass::layout::RowMajor, float, cutlass::layout::RowMajor, cutlass::gemm::warp::MmaSimtPolicy<cutlass::MatrixShape<int=4, int=8>, cutlass::layout::RowMajorInterleaved<int=2>, cutlass::gemm::GemmShape<int=4, int=4, int=1>>, int=1, bool>, cutlass::MatrixShape<int=4, int=0>, cutlass::MatrixShape<int=0, int=0>, int=1>, cutlass::NumericArrayConverter<float, float, int=4, cutlass::FloatRoundStyle>, cutlass::NumericArrayConverter<float, float, int=4, cutlass::FloatRoundStyle>, bool>, cutlass::epilogue::threadblock::Epilogue<cutlass::gemm::GemmShape<int=128, int=128, int=8>, cutlass::gemm::warp::MmaSimt<cutlass::gemm::GemmShape<int=32, int=64, int=8>, float, cutlass::layout::ColumnMajor, float, cutlass::layout::RowMajor, float, cutlass::layout::RowMajor, cutlass::gemm::warp::MmaSimtPolicy<cutlass::MatrixShape<int=4, int=8>, cutlass::layout::RowMajorInterleaved<int=2>, cutlass::gemm::GemmShape<int=4, int=4, int=1>>, int=1, bool>, int=1, cutlass::epilogue::threadblock::PredicatedTileIterator<cutlass::epilogue::threadblock::OutputTileOptimalThreadMap<cutlass::epilogue::threadblock::OutputTileShape<int=128, int=1, int=4, int=4, int=1>, cutlass::epilogue::threadblock::OutputTileShape<int=1, int=4, int=2, int=1, int=8>, int=256, int=1, int=32>, float>, cutlass::epilogue::warp::FragmentIteratorSimt<cutlass::gemm::GemmShape<int=32, int=64, int=8>, cutlass::gemm::thread::Mma<cutlass::gemm::GemmShape<int=8, int=8, int=1>, float, cutlass::layout::ColumnMajor, float, cutlass::layout::RowMajor, float, cutlass::layout::RowMajor, cutlass::arch::OpMultiplyAdd, bool>, cutlass::layout::RowMajor, cutlass::gemm::warp::MmaSimtPolicy<cutlass::MatrixShape<int=4, int=8>, cutlass::layout::RowMajorInterleaved<int=2>, cutlass::gemm::GemmShape<int=4, int=4, int=1>>>, cutlass::epilogue::warp::TileIteratorSimt<cutlass::gemm::GemmShape<int=32, int=64, int=8>, cutlass::gemm::thread::Mma<cutlass::gemm::GemmShape<int=8, int=8, int=1>, float, cutlass::layout::ColumnMajor, float, cutlass::layout::RowMajor, float, cutlass::layout::RowMajor, cutlass::arch::OpMultiplyAdd, bool>, float, cutlass::layout::RowMajor, cutlass::gemm::warp::MmaSimtPolicy<cutlass::MatrixShape<int=4, int=8>, cutlass::layout::RowMajorInterleaved<int=2>, cutlass::gemm::GemmShape<int=4, int=4, int=1>>>, cutlass::epilogue::threadblock::SharedLoadIterator<cutlass::epilogue::threadblock::OutputTileOptimalThreadMap<cutlass::epilogue::threadblock::OutputTileShape<int=128, int=1, int=4, int=4, int=1>::CompactedThreadMap, cutlass::epilogue::threadblock::OutputTileShape<int=1, int=4, int=2, int=1, int=8>, int=256, int=1, int=32>, float, int=4>, cutlass::epilogue::thread::LinearCombination<float",25033
21.260121,0.001472,,,,,,,,,,112,72.562176,"Pageable","Device","Tesla V100-PCIE-32GB (0)","1","7","[CUDA memcpy HtoD]",25053
21.260791,0.020576,2048,1,1,384,1,1,16,0.000000,0.000000,,,,,"Tesla V100-PCIE-32GB (0)","1","7","void scal_kernel_val<double, double>(cublasScalParamsVal<double, double>)",25167
21.261235,39.082957,6,3528,1,256,1,1,124,0.000000,16.250000,,,,,"Tesla V100-PCIE-32GB (0)","1","7","void cutlass::Kernel<cutlass::gemm::kernel::Gemm<cutlass::gemm::threadblock::MmaPipelined<cutlass::gemm::GemmShape<int=128, int=128, int=8>, cutlass::transform::threadblock::PredicatedTileIterator<cutlass::MatrixShape<int=128, int=8>, float, cutlass::layout::RowMajor, int=1, cutlass::transform::PitchLinearStripminedThreadMap<cutlass::layout::PitchLinearShape<int=8, int=128>, int=256, int=1>, int=1>, cutlass::transform::threadblock::RegularTileIterator<cutlass::MatrixShape<int=128, int=8>, float, cutlass::layout::ColumnMajor, int=1, cutlass::transform::TransposePitchLinearThreadMapSimt<cutlass::transform::PitchLinearStripminedThreadMap<cutlass::layout::PitchLinearShape<int=8, int=128>, int=256, int=1>>, int=4>, cutlass::transform::threadblock::PredicatedTileIterator<cutlass::MatrixShape<int=8, int=128>, float, cutlass::layout::RowMajor, int=0, cutlass::transform::PitchLinearStripminedThreadMap<cutlass::layout::PitchLinearShape<int=128, int=8>, int=256, int=1>, int=1>, cutlass::transform::threadblock::RegularTileIterator<cutlass::MatrixShape<int=8, int=128>, float, cutlass::layout::RowMajor, int=0, cutlass::transform::PitchLinearStripminedThreadMap<cutlass::layout::PitchLinearShape<int=128, int=8>, int=256, int=1>, int=4>, float, cutlass::layout::RowMajor, cutlass::gemm::threadblock::MmaPolicy<cutlass::gemm::warp::MmaSimt<cutlass::gemm::GemmShape<int=32, int=64, int=8>, float, cutlass::layout::ColumnMajor, float, cutlass::layout::RowMajor, float, cutlass::layout::RowMajor, cutlass::gemm::warp::MmaSimtPolicy<cutlass::MatrixShape<int=4, int=8>, cutlass::layout::RowMajorInterleaved<int=2>, cutlass::gemm::GemmShape<int=4, int=4, int=1>>, int=1, bool>, cutlass::MatrixShape<int=4, int=0>, cutlass::MatrixShape<int=0, int=0>, int=1>, cutlass::NumericArrayConverter<float, float, int=4, cutlass::FloatRoundStyle>, cutlass::NumericArrayConverter<float, float, int=4, cutlass::FloatRoundStyle>, bool>, cutlass::epilogue::threadblock::Epilogue<cutlass::gemm::GemmShape<int=128, int=128, int=8>, cutlass::gemm::warp::MmaSimt<cutlass::gemm::GemmShape<int=32, int=64, int=8>, float, cutlass::layout::ColumnMajor, float, cutlass::layout::RowMajor, float, cutlass::layout::RowMajor, cutlass::gemm::warp::MmaSimtPolicy<cutlass::MatrixShape<int=4, int=8>, cutlass::layout::RowMajorInterleaved<int=2>, cutlass::gemm::GemmShape<int=4, int=4, int=1>>, int=1, bool>, int=1, cutlass::epilogue::threadblock::PredicatedTileIterator<cutlass::epilogue::threadblock::OutputTileOptimalThreadMap<cutlass::epilogue::threadblock::OutputTileShape<int=128, int=1, int=4, int=4, int=1>, cutlass::epilogue::threadblock::OutputTileShape<int=1, int=4, int=2, int=1, int=8>, int=256, int=1, int=32>, float>, cutlass::epilogue::warp::FragmentIteratorSimt<cutlass::gemm::GemmShape<int=32, int=64, int=8>, cutlass::gemm::thread::Mma<cutlass::gemm::GemmShape<int=8, int=8, int=1>, float, cutlass::layout::ColumnMajor, float, cutlass::layout::RowMajor, float, cutlass::layout::RowMajor, cutlass::arch::OpMultiplyAdd, bool>, cutlass::layout::RowMajor, cutlass::gemm::warp::MmaSimtPolicy<cutlass::MatrixShape<int=4, int=8>, cutlass::layout::RowMajorInterleaved<int=2>, cutlass::gemm::GemmShape<int=4, int=4, int=1>>>, cutlass::epilogue::warp::TileIteratorSimt<cutlass::gemm::GemmShape<int=32, int=64, int=8>, cutlass::gemm::thread::Mma<cutlass::gemm::GemmShape<int=8, int=8, int=1>, float, cutlass::layout::ColumnMajor, float, cutlass::layout::RowMajor, float, cutlass::layout::RowMajor, cutlass::arch::OpMultiplyAdd, bool>, float, cutlass::layout::RowMajor, cutlass::gemm::warp::MmaSimtPolicy<cutlass::MatrixShape<int=4, int=8>, cutlass::layout::RowMajorInterleaved<int=2>, cutlass::gemm::GemmShape<int=4, int=4, int=1>>>, cutlass::epilogue::threadblock::SharedLoadIterator<cutlass::epilogue::threadblock::OutputTileOptimalThreadMap<cutlass::epilogue::threadblock::OutputTileShape<int=128, int=1, int=4, int=4, int=1>::CompactedThreadMap, cutlass::epilogue::threadblock::OutputTileShape<int=1, int=4, int=2, int=1, int=8>, int=256, int=1, int=32>, float, int=4>, cutlass::epilogue::thread::LinearCombination<float",25196
21.300327,0.001472,,,,,,,,,,112,72.562176,"Pageable","Device","Tesla V100-PCIE-32GB (0)","1","7","[CUDA memcpy HtoD]",25216
21.300992,0.020896,2048,1,1,384,1,1,16,0.000000,0.000000,,,,,"Tesla V100-PCIE-32GB (0)","1","7","void scal_kernel_val<double, double>(cublasScalParamsVal<double, double>)",25330
21.301439,39.079693,6,3528,1,256,1,1,124,0.000000,16.250000,,,,,"Tesla V100-PCIE-32GB (0)","1","7","void cutlass::Kernel<cutlass::gemm::kernel::Gemm<cutlass::gemm::threadblock::MmaPipelined<cutlass::gemm::GemmShape<int=128, int=128, int=8>, cutlass::transform::threadblock::PredicatedTileIterator<cutlass::MatrixShape<int=128, int=8>, float, cutlass::layout::RowMajor, int=1, cutlass::transform::PitchLinearStripminedThreadMap<cutlass::layout::PitchLinearShape<int=8, int=128>, int=256, int=1>, int=1>, cutlass::transform::threadblock::RegularTileIterator<cutlass::MatrixShape<int=128, int=8>, float, cutlass::layout::ColumnMajor, int=1, cutlass::transform::TransposePitchLinearThreadMapSimt<cutlass::transform::PitchLinearStripminedThreadMap<cutlass::layout::PitchLinearShape<int=8, int=128>, int=256, int=1>>, int=4>, cutlass::transform::threadblock::PredicatedTileIterator<cutlass::MatrixShape<int=8, int=128>, float, cutlass::layout::RowMajor, int=0, cutlass::transform::PitchLinearStripminedThreadMap<cutlass::layout::PitchLinearShape<int=128, int=8>, int=256, int=1>, int=1>, cutlass::transform::threadblock::RegularTileIterator<cutlass::MatrixShape<int=8, int=128>, float, cutlass::layout::RowMajor, int=0, cutlass::transform::PitchLinearStripminedThreadMap<cutlass::layout::PitchLinearShape<int=128, int=8>, int=256, int=1>, int=4>, float, cutlass::layout::RowMajor, cutlass::gemm::threadblock::MmaPolicy<cutlass::gemm::warp::MmaSimt<cutlass::gemm::GemmShape<int=32, int=64, int=8>, float, cutlass::layout::ColumnMajor, float, cutlass::layout::RowMajor, float, cutlass::layout::RowMajor, cutlass::gemm::warp::MmaSimtPolicy<cutlass::MatrixShape<int=4, int=8>, cutlass::layout::RowMajorInterleaved<int=2>, cutlass::gemm::GemmShape<int=4, int=4, int=1>>, int=1, bool>, cutlass::MatrixShape<int=4, int=0>, cutlass::MatrixShape<int=0, int=0>, int=1>, cutlass::NumericArrayConverter<float, float, int=4, cutlass::FloatRoundStyle>, cutlass::NumericArrayConverter<float, float, int=4, cutlass::FloatRoundStyle>, bool>, cutlass::epilogue::threadblock::Epilogue<cutlass::gemm::GemmShape<int=128, int=128, int=8>, cutlass::gemm::warp::MmaSimt<cutlass::gemm::GemmShape<int=32, int=64, int=8>, float, cutlass::layout::ColumnMajor, float, cutlass::layout::RowMajor, float, cutlass::layout::RowMajor, cutlass::gemm::warp::MmaSimtPolicy<cutlass::MatrixShape<int=4, int=8>, cutlass::layout::RowMajorInterleaved<int=2>, cutlass::gemm::GemmShape<int=4, int=4, int=1>>, int=1, bool>, int=1, cutlass::epilogue::threadblock::PredicatedTileIterator<cutlass::epilogue::threadblock::OutputTileOptimalThreadMap<cutlass::epilogue::threadblock::OutputTileShape<int=128, int=1, int=4, int=4, int=1>, cutlass::epilogue::threadblock::OutputTileShape<int=1, int=4, int=2, int=1, int=8>, int=256, int=1, int=32>, float>, cutlass::epilogue::warp::FragmentIteratorSimt<cutlass::gemm::GemmShape<int=32, int=64, int=8>, cutlass::gemm::thread::Mma<cutlass::gemm::GemmShape<int=8, int=8, int=1>, float, cutlass::layout::ColumnMajor, float, cutlass::layout::RowMajor, float, cutlass::layout::RowMajor, cutlass::arch::OpMultiplyAdd, bool>, cutlass::layout::RowMajor, cutlass::gemm::warp::MmaSimtPolicy<cutlass::MatrixShape<int=4, int=8>, cutlass::layout::RowMajorInterleaved<int=2>, cutlass::gemm::GemmShape<int=4, int=4, int=1>>>, cutlass::epilogue::warp::TileIteratorSimt<cutlass::gemm::GemmShape<int=32, int=64, int=8>, cutlass::gemm::thread::Mma<cutlass::gemm::GemmShape<int=8, int=8, int=1>, float, cutlass::layout::ColumnMajor, float, cutlass::layout::RowMajor, float, cutlass::layout::RowMajor, cutlass::arch::OpMultiplyAdd, bool>, float, cutlass::layout::RowMajor, cutlass::gemm::warp::MmaSimtPolicy<cutlass::MatrixShape<int=4, int=8>, cutlass::layout::RowMajorInterleaved<int=2>, cutlass::gemm::GemmShape<int=4, int=4, int=1>>>, cutlass::epilogue::threadblock::SharedLoadIterator<cutlass::epilogue::threadblock::OutputTileOptimalThreadMap<cutlass::epilogue::threadblock::OutputTileShape<int=128, int=1, int=4, int=4, int=1>::CompactedThreadMap, cutlass::epilogue::threadblock::OutputTileShape<int=1, int=4, int=2, int=1, int=8>, int=256, int=1, int=32>, float, int=4>, cutlass::epilogue::thread::LinearCombination<float",25359
21.340527,0.001472,,,,,,,,,,112,72.562176,"Pageable","Device","Tesla V100-PCIE-32GB (0)","1","7","[CUDA memcpy HtoD]",25379
21.341191,0.020703,2048,1,1,384,1,1,16,0.000000,0.000000,,,,,"Tesla V100-PCIE-32GB (0)","1","7","void scal_kernel_val<double, double>(cublasScalParamsVal<double, double>)",25493
21.341633,39.082861,6,3528,1,256,1,1,124,0.000000,16.250000,,,,,"Tesla V100-PCIE-32GB (0)","1","7","void cutlass::Kernel<cutlass::gemm::kernel::Gemm<cutlass::gemm::threadblock::MmaPipelined<cutlass::gemm::GemmShape<int=128, int=128, int=8>, cutlass::transform::threadblock::PredicatedTileIterator<cutlass::MatrixShape<int=128, int=8>, float, cutlass::layout::RowMajor, int=1, cutlass::transform::PitchLinearStripminedThreadMap<cutlass::layout::PitchLinearShape<int=8, int=128>, int=256, int=1>, int=1>, cutlass::transform::threadblock::RegularTileIterator<cutlass::MatrixShape<int=128, int=8>, float, cutlass::layout::ColumnMajor, int=1, cutlass::transform::TransposePitchLinearThreadMapSimt<cutlass::transform::PitchLinearStripminedThreadMap<cutlass::layout::PitchLinearShape<int=8, int=128>, int=256, int=1>>, int=4>, cutlass::transform::threadblock::PredicatedTileIterator<cutlass::MatrixShape<int=8, int=128>, float, cutlass::layout::RowMajor, int=0, cutlass::transform::PitchLinearStripminedThreadMap<cutlass::layout::PitchLinearShape<int=128, int=8>, int=256, int=1>, int=1>, cutlass::transform::threadblock::RegularTileIterator<cutlass::MatrixShape<int=8, int=128>, float, cutlass::layout::RowMajor, int=0, cutlass::transform::PitchLinearStripminedThreadMap<cutlass::layout::PitchLinearShape<int=128, int=8>, int=256, int=1>, int=4>, float, cutlass::layout::RowMajor, cutlass::gemm::threadblock::MmaPolicy<cutlass::gemm::warp::MmaSimt<cutlass::gemm::GemmShape<int=32, int=64, int=8>, float, cutlass::layout::ColumnMajor, float, cutlass::layout::RowMajor, float, cutlass::layout::RowMajor, cutlass::gemm::warp::MmaSimtPolicy<cutlass::MatrixShape<int=4, int=8>, cutlass::layout::RowMajorInterleaved<int=2>, cutlass::gemm::GemmShape<int=4, int=4, int=1>>, int=1, bool>, cutlass::MatrixShape<int=4, int=0>, cutlass::MatrixShape<int=0, int=0>, int=1>, cutlass::NumericArrayConverter<float, float, int=4, cutlass::FloatRoundStyle>, cutlass::NumericArrayConverter<float, float, int=4, cutlass::FloatRoundStyle>, bool>, cutlass::epilogue::threadblock::Epilogue<cutlass::gemm::GemmShape<int=128, int=128, int=8>, cutlass::gemm::warp::MmaSimt<cutlass::gemm::GemmShape<int=32, int=64, int=8>, float, cutlass::layout::ColumnMajor, float, cutlass::layout::RowMajor, float, cutlass::layout::RowMajor, cutlass::gemm::warp::MmaSimtPolicy<cutlass::MatrixShape<int=4, int=8>, cutlass::layout::RowMajorInterleaved<int=2>, cutlass::gemm::GemmShape<int=4, int=4, int=1>>, int=1, bool>, int=1, cutlass::epilogue::threadblock::PredicatedTileIterator<cutlass::epilogue::threadblock::OutputTileOptimalThreadMap<cutlass::epilogue::threadblock::OutputTileShape<int=128, int=1, int=4, int=4, int=1>, cutlass::epilogue::threadblock::OutputTileShape<int=1, int=4, int=2, int=1, int=8>, int=256, int=1, int=32>, float>, cutlass::epilogue::warp::FragmentIteratorSimt<cutlass::gemm::GemmShape<int=32, int=64, int=8>, cutlass::gemm::thread::Mma<cutlass::gemm::GemmShape<int=8, int=8, int=1>, float, cutlass::layout::ColumnMajor, float, cutlass::layout::RowMajor, float, cutlass::layout::RowMajor, cutlass::arch::OpMultiplyAdd, bool>, cutlass::layout::RowMajor, cutlass::gemm::warp::MmaSimtPolicy<cutlass::MatrixShape<int=4, int=8>, cutlass::layout::RowMajorInterleaved<int=2>, cutlass::gemm::GemmShape<int=4, int=4, int=1>>>, cutlass::epilogue::warp::TileIteratorSimt<cutlass::gemm::GemmShape<int=32, int=64, int=8>, cutlass::gemm::thread::Mma<cutlass::gemm::GemmShape<int=8, int=8, int=1>, float, cutlass::layout::ColumnMajor, float, cutlass::layout::RowMajor, float, cutlass::layout::RowMajor, cutlass::arch::OpMultiplyAdd, bool>, float, cutlass::layout::RowMajor, cutlass::gemm::warp::MmaSimtPolicy<cutlass::MatrixShape<int=4, int=8>, cutlass::layout::RowMajorInterleaved<int=2>, cutlass::gemm::GemmShape<int=4, int=4, int=1>>>, cutlass::epilogue::threadblock::SharedLoadIterator<cutlass::epilogue::threadblock::OutputTileOptimalThreadMap<cutlass::epilogue::threadblock::OutputTileShape<int=128, int=1, int=4, int=4, int=1>::CompactedThreadMap, cutlass::epilogue::threadblock::OutputTileShape<int=1, int=4, int=2, int=1, int=8>, int=256, int=1, int=32>, float, int=4>, cutlass::epilogue::thread::LinearCombination<float",25522
21.380724,0.001472,,,,,,,,,,112,72.562176,"Pageable","Device","Tesla V100-PCIE-32GB (0)","1","7","[CUDA memcpy HtoD]",25542
21.381402,0.020799,2048,1,1,384,1,1,16,0.000000,0.000000,,,,,"Tesla V100-PCIE-32GB (0)","1","7","void scal_kernel_val<double, double>(cublasScalParamsVal<double, double>)",25656
21.381832,39.082860,6,3528,1,256,1,1,124,0.000000,16.250000,,,,,"Tesla V100-PCIE-32GB (0)","1","7","void cutlass::Kernel<cutlass::gemm::kernel::Gemm<cutlass::gemm::threadblock::MmaPipelined<cutlass::gemm::GemmShape<int=128, int=128, int=8>, cutlass::transform::threadblock::PredicatedTileIterator<cutlass::MatrixShape<int=128, int=8>, float, cutlass::layout::RowMajor, int=1, cutlass::transform::PitchLinearStripminedThreadMap<cutlass::layout::PitchLinearShape<int=8, int=128>, int=256, int=1>, int=1>, cutlass::transform::threadblock::RegularTileIterator<cutlass::MatrixShape<int=128, int=8>, float, cutlass::layout::ColumnMajor, int=1, cutlass::transform::TransposePitchLinearThreadMapSimt<cutlass::transform::PitchLinearStripminedThreadMap<cutlass::layout::PitchLinearShape<int=8, int=128>, int=256, int=1>>, int=4>, cutlass::transform::threadblock::PredicatedTileIterator<cutlass::MatrixShape<int=8, int=128>, float, cutlass::layout::RowMajor, int=0, cutlass::transform::PitchLinearStripminedThreadMap<cutlass::layout::PitchLinearShape<int=128, int=8>, int=256, int=1>, int=1>, cutlass::transform::threadblock::RegularTileIterator<cutlass::MatrixShape<int=8, int=128>, float, cutlass::layout::RowMajor, int=0, cutlass::transform::PitchLinearStripminedThreadMap<cutlass::layout::PitchLinearShape<int=128, int=8>, int=256, int=1>, int=4>, float, cutlass::layout::RowMajor, cutlass::gemm::threadblock::MmaPolicy<cutlass::gemm::warp::MmaSimt<cutlass::gemm::GemmShape<int=32, int=64, int=8>, float, cutlass::layout::ColumnMajor, float, cutlass::layout::RowMajor, float, cutlass::layout::RowMajor, cutlass::gemm::warp::MmaSimtPolicy<cutlass::MatrixShape<int=4, int=8>, cutlass::layout::RowMajorInterleaved<int=2>, cutlass::gemm::GemmShape<int=4, int=4, int=1>>, int=1, bool>, cutlass::MatrixShape<int=4, int=0>, cutlass::MatrixShape<int=0, int=0>, int=1>, cutlass::NumericArrayConverter<float, float, int=4, cutlass::FloatRoundStyle>, cutlass::NumericArrayConverter<float, float, int=4, cutlass::FloatRoundStyle>, bool>, cutlass::epilogue::threadblock::Epilogue<cutlass::gemm::GemmShape<int=128, int=128, int=8>, cutlass::gemm::warp::MmaSimt<cutlass::gemm::GemmShape<int=32, int=64, int=8>, float, cutlass::layout::ColumnMajor, float, cutlass::layout::RowMajor, float, cutlass::layout::RowMajor, cutlass::gemm::warp::MmaSimtPolicy<cutlass::MatrixShape<int=4, int=8>, cutlass::layout::RowMajorInterleaved<int=2>, cutlass::gemm::GemmShape<int=4, int=4, int=1>>, int=1, bool>, int=1, cutlass::epilogue::threadblock::PredicatedTileIterator<cutlass::epilogue::threadblock::OutputTileOptimalThreadMap<cutlass::epilogue::threadblock::OutputTileShape<int=128, int=1, int=4, int=4, int=1>, cutlass::epilogue::threadblock::OutputTileShape<int=1, int=4, int=2, int=1, int=8>, int=256, int=1, int=32>, float>, cutlass::epilogue::warp::FragmentIteratorSimt<cutlass::gemm::GemmShape<int=32, int=64, int=8>, cutlass::gemm::thread::Mma<cutlass::gemm::GemmShape<int=8, int=8, int=1>, float, cutlass::layout::ColumnMajor, float, cutlass::layout::RowMajor, float, cutlass::layout::RowMajor, cutlass::arch::OpMultiplyAdd, bool>, cutlass::layout::RowMajor, cutlass::gemm::warp::MmaSimtPolicy<cutlass::MatrixShape<int=4, int=8>, cutlass::layout::RowMajorInterleaved<int=2>, cutlass::gemm::GemmShape<int=4, int=4, int=1>>>, cutlass::epilogue::warp::TileIteratorSimt<cutlass::gemm::GemmShape<int=32, int=64, int=8>, cutlass::gemm::thread::Mma<cutlass::gemm::GemmShape<int=8, int=8, int=1>, float, cutlass::layout::ColumnMajor, float, cutlass::layout::RowMajor, float, cutlass::layout::RowMajor, cutlass::arch::OpMultiplyAdd, bool>, float, cutlass::layout::RowMajor, cutlass::gemm::warp::MmaSimtPolicy<cutlass::MatrixShape<int=4, int=8>, cutlass::layout::RowMajorInterleaved<int=2>, cutlass::gemm::GemmShape<int=4, int=4, int=1>>>, cutlass::epilogue::threadblock::SharedLoadIterator<cutlass::epilogue::threadblock::OutputTileOptimalThreadMap<cutlass::epilogue::threadblock::OutputTileShape<int=128, int=1, int=4, int=4, int=1>::CompactedThreadMap, cutlass::epilogue::threadblock::OutputTileShape<int=1, int=4, int=2, int=1, int=8>, int=256, int=1, int=32>, float, int=4>, cutlass::epilogue::thread::LinearCombination<float",25685
21.420923,0.001472,,,,,,,,,,112,72.562176,"Pageable","Device","Tesla V100-PCIE-32GB (0)","1","7","[CUDA memcpy HtoD]",25705
21.421596,0.020928,2048,1,1,384,1,1,16,0.000000,0.000000,,,,,"Tesla V100-PCIE-32GB (0)","1","7","void scal_kernel_val<double, double>(cublasScalParamsVal<double, double>)",25819
21.422035,39.073101,6,3528,1,256,1,1,124,0.000000,16.250000,,,,,"Tesla V100-PCIE-32GB (0)","1","7","void cutlass::Kernel<cutlass::gemm::kernel::Gemm<cutlass::gemm::threadblock::MmaPipelined<cutlass::gemm::GemmShape<int=128, int=128, int=8>, cutlass::transform::threadblock::PredicatedTileIterator<cutlass::MatrixShape<int=128, int=8>, float, cutlass::layout::RowMajor, int=1, cutlass::transform::PitchLinearStripminedThreadMap<cutlass::layout::PitchLinearShape<int=8, int=128>, int=256, int=1>, int=1>, cutlass::transform::threadblock::RegularTileIterator<cutlass::MatrixShape<int=128, int=8>, float, cutlass::layout::ColumnMajor, int=1, cutlass::transform::TransposePitchLinearThreadMapSimt<cutlass::transform::PitchLinearStripminedThreadMap<cutlass::layout::PitchLinearShape<int=8, int=128>, int=256, int=1>>, int=4>, cutlass::transform::threadblock::PredicatedTileIterator<cutlass::MatrixShape<int=8, int=128>, float, cutlass::layout::RowMajor, int=0, cutlass::transform::PitchLinearStripminedThreadMap<cutlass::layout::PitchLinearShape<int=128, int=8>, int=256, int=1>, int=1>, cutlass::transform::threadblock::RegularTileIterator<cutlass::MatrixShape<int=8, int=128>, float, cutlass::layout::RowMajor, int=0, cutlass::transform::PitchLinearStripminedThreadMap<cutlass::layout::PitchLinearShape<int=128, int=8>, int=256, int=1>, int=4>, float, cutlass::layout::RowMajor, cutlass::gemm::threadblock::MmaPolicy<cutlass::gemm::warp::MmaSimt<cutlass::gemm::GemmShape<int=32, int=64, int=8>, float, cutlass::layout::ColumnMajor, float, cutlass::layout::RowMajor, float, cutlass::layout::RowMajor, cutlass::gemm::warp::MmaSimtPolicy<cutlass::MatrixShape<int=4, int=8>, cutlass::layout::RowMajorInterleaved<int=2>, cutlass::gemm::GemmShape<int=4, int=4, int=1>>, int=1, bool>, cutlass::MatrixShape<int=4, int=0>, cutlass::MatrixShape<int=0, int=0>, int=1>, cutlass::NumericArrayConverter<float, float, int=4, cutlass::FloatRoundStyle>, cutlass::NumericArrayConverter<float, float, int=4, cutlass::FloatRoundStyle>, bool>, cutlass::epilogue::threadblock::Epilogue<cutlass::gemm::GemmShape<int=128, int=128, int=8>, cutlass::gemm::warp::MmaSimt<cutlass::gemm::GemmShape<int=32, int=64, int=8>, float, cutlass::layout::ColumnMajor, float, cutlass::layout::RowMajor, float, cutlass::layout::RowMajor, cutlass::gemm::warp::MmaSimtPolicy<cutlass::MatrixShape<int=4, int=8>, cutlass::layout::RowMajorInterleaved<int=2>, cutlass::gemm::GemmShape<int=4, int=4, int=1>>, int=1, bool>, int=1, cutlass::epilogue::threadblock::PredicatedTileIterator<cutlass::epilogue::threadblock::OutputTileOptimalThreadMap<cutlass::epilogue::threadblock::OutputTileShape<int=128, int=1, int=4, int=4, int=1>, cutlass::epilogue::threadblock::OutputTileShape<int=1, int=4, int=2, int=1, int=8>, int=256, int=1, int=32>, float>, cutlass::epilogue::warp::FragmentIteratorSimt<cutlass::gemm::GemmShape<int=32, int=64, int=8>, cutlass::gemm::thread::Mma<cutlass::gemm::GemmShape<int=8, int=8, int=1>, float, cutlass::layout::ColumnMajor, float, cutlass::layout::RowMajor, float, cutlass::layout::RowMajor, cutlass::arch::OpMultiplyAdd, bool>, cutlass::layout::RowMajor, cutlass::gemm::warp::MmaSimtPolicy<cutlass::MatrixShape<int=4, int=8>, cutlass::layout::RowMajorInterleaved<int=2>, cutlass::gemm::GemmShape<int=4, int=4, int=1>>>, cutlass::epilogue::warp::TileIteratorSimt<cutlass::gemm::GemmShape<int=32, int=64, int=8>, cutlass::gemm::thread::Mma<cutlass::gemm::GemmShape<int=8, int=8, int=1>, float, cutlass::layout::ColumnMajor, float, cutlass::layout::RowMajor, float, cutlass::layout::RowMajor, cutlass::arch::OpMultiplyAdd, bool>, float, cutlass::layout::RowMajor, cutlass::gemm::warp::MmaSimtPolicy<cutlass::MatrixShape<int=4, int=8>, cutlass::layout::RowMajorInterleaved<int=2>, cutlass::gemm::GemmShape<int=4, int=4, int=1>>>, cutlass::epilogue::threadblock::SharedLoadIterator<cutlass::epilogue::threadblock::OutputTileOptimalThreadMap<cutlass::epilogue::threadblock::OutputTileShape<int=128, int=1, int=4, int=4, int=1>::CompactedThreadMap, cutlass::epilogue::threadblock::OutputTileShape<int=1, int=4, int=2, int=1, int=8>, int=256, int=1, int=32>, float, int=4>, cutlass::epilogue::thread::LinearCombination<float",25848
21.461117,0.001472,,,,,,,,,,112,72.562176,"Pageable","Device","Tesla V100-PCIE-32GB (0)","1","7","[CUDA memcpy HtoD]",25868
21.461796,0.020256,2048,1,1,384,1,1,16,0.000000,0.000000,,,,,"Tesla V100-PCIE-32GB (0)","1","7","void scal_kernel_val<double, double>(cublasScalParamsVal<double, double>)",25982
21.462241,39.090125,6,3528,1,256,1,1,124,0.000000,16.250000,,,,,"Tesla V100-PCIE-32GB (0)","1","7","void cutlass::Kernel<cutlass::gemm::kernel::Gemm<cutlass::gemm::threadblock::MmaPipelined<cutlass::gemm::GemmShape<int=128, int=128, int=8>, cutlass::transform::threadblock::PredicatedTileIterator<cutlass::MatrixShape<int=128, int=8>, float, cutlass::layout::RowMajor, int=1, cutlass::transform::PitchLinearStripminedThreadMap<cutlass::layout::PitchLinearShape<int=8, int=128>, int=256, int=1>, int=1>, cutlass::transform::threadblock::RegularTileIterator<cutlass::MatrixShape<int=128, int=8>, float, cutlass::layout::ColumnMajor, int=1, cutlass::transform::TransposePitchLinearThreadMapSimt<cutlass::transform::PitchLinearStripminedThreadMap<cutlass::layout::PitchLinearShape<int=8, int=128>, int=256, int=1>>, int=4>, cutlass::transform::threadblock::PredicatedTileIterator<cutlass::MatrixShape<int=8, int=128>, float, cutlass::layout::RowMajor, int=0, cutlass::transform::PitchLinearStripminedThreadMap<cutlass::layout::PitchLinearShape<int=128, int=8>, int=256, int=1>, int=1>, cutlass::transform::threadblock::RegularTileIterator<cutlass::MatrixShape<int=8, int=128>, float, cutlass::layout::RowMajor, int=0, cutlass::transform::PitchLinearStripminedThreadMap<cutlass::layout::PitchLinearShape<int=128, int=8>, int=256, int=1>, int=4>, float, cutlass::layout::RowMajor, cutlass::gemm::threadblock::MmaPolicy<cutlass::gemm::warp::MmaSimt<cutlass::gemm::GemmShape<int=32, int=64, int=8>, float, cutlass::layout::ColumnMajor, float, cutlass::layout::RowMajor, float, cutlass::layout::RowMajor, cutlass::gemm::warp::MmaSimtPolicy<cutlass::MatrixShape<int=4, int=8>, cutlass::layout::RowMajorInterleaved<int=2>, cutlass::gemm::GemmShape<int=4, int=4, int=1>>, int=1, bool>, cutlass::MatrixShape<int=4, int=0>, cutlass::MatrixShape<int=0, int=0>, int=1>, cutlass::NumericArrayConverter<float, float, int=4, cutlass::FloatRoundStyle>, cutlass::NumericArrayConverter<float, float, int=4, cutlass::FloatRoundStyle>, bool>, cutlass::epilogue::threadblock::Epilogue<cutlass::gemm::GemmShape<int=128, int=128, int=8>, cutlass::gemm::warp::MmaSimt<cutlass::gemm::GemmShape<int=32, int=64, int=8>, float, cutlass::layout::ColumnMajor, float, cutlass::layout::RowMajor, float, cutlass::layout::RowMajor, cutlass::gemm::warp::MmaSimtPolicy<cutlass::MatrixShape<int=4, int=8>, cutlass::layout::RowMajorInterleaved<int=2>, cutlass::gemm::GemmShape<int=4, int=4, int=1>>, int=1, bool>, int=1, cutlass::epilogue::threadblock::PredicatedTileIterator<cutlass::epilogue::threadblock::OutputTileOptimalThreadMap<cutlass::epilogue::threadblock::OutputTileShape<int=128, int=1, int=4, int=4, int=1>, cutlass::epilogue::threadblock::OutputTileShape<int=1, int=4, int=2, int=1, int=8>, int=256, int=1, int=32>, float>, cutlass::epilogue::warp::FragmentIteratorSimt<cutlass::gemm::GemmShape<int=32, int=64, int=8>, cutlass::gemm::thread::Mma<cutlass::gemm::GemmShape<int=8, int=8, int=1>, float, cutlass::layout::ColumnMajor, float, cutlass::layout::RowMajor, float, cutlass::layout::RowMajor, cutlass::arch::OpMultiplyAdd, bool>, cutlass::layout::RowMajor, cutlass::gemm::warp::MmaSimtPolicy<cutlass::MatrixShape<int=4, int=8>, cutlass::layout::RowMajorInterleaved<int=2>, cutlass::gemm::GemmShape<int=4, int=4, int=1>>>, cutlass::epilogue::warp::TileIteratorSimt<cutlass::gemm::GemmShape<int=32, int=64, int=8>, cutlass::gemm::thread::Mma<cutlass::gemm::GemmShape<int=8, int=8, int=1>, float, cutlass::layout::ColumnMajor, float, cutlass::layout::RowMajor, float, cutlass::layout::RowMajor, cutlass::arch::OpMultiplyAdd, bool>, float, cutlass::layout::RowMajor, cutlass::gemm::warp::MmaSimtPolicy<cutlass::MatrixShape<int=4, int=8>, cutlass::layout::RowMajorInterleaved<int=2>, cutlass::gemm::GemmShape<int=4, int=4, int=1>>>, cutlass::epilogue::threadblock::SharedLoadIterator<cutlass::epilogue::threadblock::OutputTileOptimalThreadMap<cutlass::epilogue::threadblock::OutputTileShape<int=128, int=1, int=4, int=4, int=1>::CompactedThreadMap, cutlass::epilogue::threadblock::OutputTileShape<int=1, int=4, int=2, int=1, int=8>, int=256, int=1, int=32>, float, int=4>, cutlass::epilogue::thread::LinearCombination<float",26011
21.501340,0.001472,,,,,,,,,,112,72.562176,"Pageable","Device","Tesla V100-PCIE-32GB (0)","1","7","[CUDA memcpy HtoD]",26031
21.502003,0.020544,2048,1,1,384,1,1,16,0.000000,0.000000,,,,,"Tesla V100-PCIE-32GB (0)","1","7","void scal_kernel_val<double, double>(cublasScalParamsVal<double, double>)",26145
21.502447,39.082637,6,3528,1,256,1,1,124,0.000000,16.250000,,,,,"Tesla V100-PCIE-32GB (0)","1","7","void cutlass::Kernel<cutlass::gemm::kernel::Gemm<cutlass::gemm::threadblock::MmaPipelined<cutlass::gemm::GemmShape<int=128, int=128, int=8>, cutlass::transform::threadblock::PredicatedTileIterator<cutlass::MatrixShape<int=128, int=8>, float, cutlass::layout::RowMajor, int=1, cutlass::transform::PitchLinearStripminedThreadMap<cutlass::layout::PitchLinearShape<int=8, int=128>, int=256, int=1>, int=1>, cutlass::transform::threadblock::RegularTileIterator<cutlass::MatrixShape<int=128, int=8>, float, cutlass::layout::ColumnMajor, int=1, cutlass::transform::TransposePitchLinearThreadMapSimt<cutlass::transform::PitchLinearStripminedThreadMap<cutlass::layout::PitchLinearShape<int=8, int=128>, int=256, int=1>>, int=4>, cutlass::transform::threadblock::PredicatedTileIterator<cutlass::MatrixShape<int=8, int=128>, float, cutlass::layout::RowMajor, int=0, cutlass::transform::PitchLinearStripminedThreadMap<cutlass::layout::PitchLinearShape<int=128, int=8>, int=256, int=1>, int=1>, cutlass::transform::threadblock::RegularTileIterator<cutlass::MatrixShape<int=8, int=128>, float, cutlass::layout::RowMajor, int=0, cutlass::transform::PitchLinearStripminedThreadMap<cutlass::layout::PitchLinearShape<int=128, int=8>, int=256, int=1>, int=4>, float, cutlass::layout::RowMajor, cutlass::gemm::threadblock::MmaPolicy<cutlass::gemm::warp::MmaSimt<cutlass::gemm::GemmShape<int=32, int=64, int=8>, float, cutlass::layout::ColumnMajor, float, cutlass::layout::RowMajor, float, cutlass::layout::RowMajor, cutlass::gemm::warp::MmaSimtPolicy<cutlass::MatrixShape<int=4, int=8>, cutlass::layout::RowMajorInterleaved<int=2>, cutlass::gemm::GemmShape<int=4, int=4, int=1>>, int=1, bool>, cutlass::MatrixShape<int=4, int=0>, cutlass::MatrixShape<int=0, int=0>, int=1>, cutlass::NumericArrayConverter<float, float, int=4, cutlass::FloatRoundStyle>, cutlass::NumericArrayConverter<float, float, int=4, cutlass::FloatRoundStyle>, bool>, cutlass::epilogue::threadblock::Epilogue<cutlass::gemm::GemmShape<int=128, int=128, int=8>, cutlass::gemm::warp::MmaSimt<cutlass::gemm::GemmShape<int=32, int=64, int=8>, float, cutlass::layout::ColumnMajor, float, cutlass::layout::RowMajor, float, cutlass::layout::RowMajor, cutlass::gemm::warp::MmaSimtPolicy<cutlass::MatrixShape<int=4, int=8>, cutlass::layout::RowMajorInterleaved<int=2>, cutlass::gemm::GemmShape<int=4, int=4, int=1>>, int=1, bool>, int=1, cutlass::epilogue::threadblock::PredicatedTileIterator<cutlass::epilogue::threadblock::OutputTileOptimalThreadMap<cutlass::epilogue::threadblock::OutputTileShape<int=128, int=1, int=4, int=4, int=1>, cutlass::epilogue::threadblock::OutputTileShape<int=1, int=4, int=2, int=1, int=8>, int=256, int=1, int=32>, float>, cutlass::epilogue::warp::FragmentIteratorSimt<cutlass::gemm::GemmShape<int=32, int=64, int=8>, cutlass::gemm::thread::Mma<cutlass::gemm::GemmShape<int=8, int=8, int=1>, float, cutlass::layout::ColumnMajor, float, cutlass::layout::RowMajor, float, cutlass::layout::RowMajor, cutlass::arch::OpMultiplyAdd, bool>, cutlass::layout::RowMajor, cutlass::gemm::warp::MmaSimtPolicy<cutlass::MatrixShape<int=4, int=8>, cutlass::layout::RowMajorInterleaved<int=2>, cutlass::gemm::GemmShape<int=4, int=4, int=1>>>, cutlass::epilogue::warp::TileIteratorSimt<cutlass::gemm::GemmShape<int=32, int=64, int=8>, cutlass::gemm::thread::Mma<cutlass::gemm::GemmShape<int=8, int=8, int=1>, float, cutlass::layout::ColumnMajor, float, cutlass::layout::RowMajor, float, cutlass::layout::RowMajor, cutlass::arch::OpMultiplyAdd, bool>, float, cutlass::layout::RowMajor, cutlass::gemm::warp::MmaSimtPolicy<cutlass::MatrixShape<int=4, int=8>, cutlass::layout::RowMajorInterleaved<int=2>, cutlass::gemm::GemmShape<int=4, int=4, int=1>>>, cutlass::epilogue::threadblock::SharedLoadIterator<cutlass::epilogue::threadblock::OutputTileOptimalThreadMap<cutlass::epilogue::threadblock::OutputTileShape<int=128, int=1, int=4, int=4, int=1>::CompactedThreadMap, cutlass::epilogue::threadblock::OutputTileShape<int=1, int=4, int=2, int=1, int=8>, int=256, int=1, int=32>, float, int=4>, cutlass::epilogue::thread::LinearCombination<float",26174
21.541539,0.001472,,,,,,,,,,112,72.562176,"Pageable","Device","Tesla V100-PCIE-32GB (0)","1","7","[CUDA memcpy HtoD]",26194
21.542203,0.020192,2048,1,1,384,1,1,16,0.000000,0.000000,,,,,"Tesla V100-PCIE-32GB (0)","1","7","void scal_kernel_val<double, double>(cublasScalParamsVal<double, double>)",26308
21.542647,39.087597,6,3528,1,256,1,1,124,0.000000,16.250000,,,,,"Tesla V100-PCIE-32GB (0)","1","7","void cutlass::Kernel<cutlass::gemm::kernel::Gemm<cutlass::gemm::threadblock::MmaPipelined<cutlass::gemm::GemmShape<int=128, int=128, int=8>, cutlass::transform::threadblock::PredicatedTileIterator<cutlass::MatrixShape<int=128, int=8>, float, cutlass::layout::RowMajor, int=1, cutlass::transform::PitchLinearStripminedThreadMap<cutlass::layout::PitchLinearShape<int=8, int=128>, int=256, int=1>, int=1>, cutlass::transform::threadblock::RegularTileIterator<cutlass::MatrixShape<int=128, int=8>, float, cutlass::layout::ColumnMajor, int=1, cutlass::transform::TransposePitchLinearThreadMapSimt<cutlass::transform::PitchLinearStripminedThreadMap<cutlass::layout::PitchLinearShape<int=8, int=128>, int=256, int=1>>, int=4>, cutlass::transform::threadblock::PredicatedTileIterator<cutlass::MatrixShape<int=8, int=128>, float, cutlass::layout::RowMajor, int=0, cutlass::transform::PitchLinearStripminedThreadMap<cutlass::layout::PitchLinearShape<int=128, int=8>, int=256, int=1>, int=1>, cutlass::transform::threadblock::RegularTileIterator<cutlass::MatrixShape<int=8, int=128>, float, cutlass::layout::RowMajor, int=0, cutlass::transform::PitchLinearStripminedThreadMap<cutlass::layout::PitchLinearShape<int=128, int=8>, int=256, int=1>, int=4>, float, cutlass::layout::RowMajor, cutlass::gemm::threadblock::MmaPolicy<cutlass::gemm::warp::MmaSimt<cutlass::gemm::GemmShape<int=32, int=64, int=8>, float, cutlass::layout::ColumnMajor, float, cutlass::layout::RowMajor, float, cutlass::layout::RowMajor, cutlass::gemm::warp::MmaSimtPolicy<cutlass::MatrixShape<int=4, int=8>, cutlass::layout::RowMajorInterleaved<int=2>, cutlass::gemm::GemmShape<int=4, int=4, int=1>>, int=1, bool>, cutlass::MatrixShape<int=4, int=0>, cutlass::MatrixShape<int=0, int=0>, int=1>, cutlass::NumericArrayConverter<float, float, int=4, cutlass::FloatRoundStyle>, cutlass::NumericArrayConverter<float, float, int=4, cutlass::FloatRoundStyle>, bool>, cutlass::epilogue::threadblock::Epilogue<cutlass::gemm::GemmShape<int=128, int=128, int=8>, cutlass::gemm::warp::MmaSimt<cutlass::gemm::GemmShape<int=32, int=64, int=8>, float, cutlass::layout::ColumnMajor, float, cutlass::layout::RowMajor, float, cutlass::layout::RowMajor, cutlass::gemm::warp::MmaSimtPolicy<cutlass::MatrixShape<int=4, int=8>, cutlass::layout::RowMajorInterleaved<int=2>, cutlass::gemm::GemmShape<int=4, int=4, int=1>>, int=1, bool>, int=1, cutlass::epilogue::threadblock::PredicatedTileIterator<cutlass::epilogue::threadblock::OutputTileOptimalThreadMap<cutlass::epilogue::threadblock::OutputTileShape<int=128, int=1, int=4, int=4, int=1>, cutlass::epilogue::threadblock::OutputTileShape<int=1, int=4, int=2, int=1, int=8>, int=256, int=1, int=32>, float>, cutlass::epilogue::warp::FragmentIteratorSimt<cutlass::gemm::GemmShape<int=32, int=64, int=8>, cutlass::gemm::thread::Mma<cutlass::gemm::GemmShape<int=8, int=8, int=1>, float, cutlass::layout::ColumnMajor, float, cutlass::layout::RowMajor, float, cutlass::layout::RowMajor, cutlass::arch::OpMultiplyAdd, bool>, cutlass::layout::RowMajor, cutlass::gemm::warp::MmaSimtPolicy<cutlass::MatrixShape<int=4, int=8>, cutlass::layout::RowMajorInterleaved<int=2>, cutlass::gemm::GemmShape<int=4, int=4, int=1>>>, cutlass::epilogue::warp::TileIteratorSimt<cutlass::gemm::GemmShape<int=32, int=64, int=8>, cutlass::gemm::thread::Mma<cutlass::gemm::GemmShape<int=8, int=8, int=1>, float, cutlass::layout::ColumnMajor, float, cutlass::layout::RowMajor, float, cutlass::layout::RowMajor, cutlass::arch::OpMultiplyAdd, bool>, float, cutlass::layout::RowMajor, cutlass::gemm::warp::MmaSimtPolicy<cutlass::MatrixShape<int=4, int=8>, cutlass::layout::RowMajorInterleaved<int=2>, cutlass::gemm::GemmShape<int=4, int=4, int=1>>>, cutlass::epilogue::threadblock::SharedLoadIterator<cutlass::epilogue::threadblock::OutputTileOptimalThreadMap<cutlass::epilogue::threadblock::OutputTileShape<int=128, int=1, int=4, int=4, int=1>::CompactedThreadMap, cutlass::epilogue::threadblock::OutputTileShape<int=1, int=4, int=2, int=1, int=8>, int=256, int=1, int=32>, float, int=4>, cutlass::epilogue::thread::LinearCombination<float",26337
21.581743,0.001536,,,,,,,,,,112,69.538752,"Pageable","Device","Tesla V100-PCIE-32GB (0)","1","7","[CUDA memcpy HtoD]",26357
21.582417,0.020863,2048,1,1,384,1,1,16,0.000000,0.000000,,,,,"Tesla V100-PCIE-32GB (0)","1","7","void scal_kernel_val<double, double>(cublasScalParamsVal<double, double>)",26471
21.582854,39.089965,6,3528,1,256,1,1,124,0.000000,16.250000,,,,,"Tesla V100-PCIE-32GB (0)","1","7","void cutlass::Kernel<cutlass::gemm::kernel::Gemm<cutlass::gemm::threadblock::MmaPipelined<cutlass::gemm::GemmShape<int=128, int=128, int=8>, cutlass::transform::threadblock::PredicatedTileIterator<cutlass::MatrixShape<int=128, int=8>, float, cutlass::layout::RowMajor, int=1, cutlass::transform::PitchLinearStripminedThreadMap<cutlass::layout::PitchLinearShape<int=8, int=128>, int=256, int=1>, int=1>, cutlass::transform::threadblock::RegularTileIterator<cutlass::MatrixShape<int=128, int=8>, float, cutlass::layout::ColumnMajor, int=1, cutlass::transform::TransposePitchLinearThreadMapSimt<cutlass::transform::PitchLinearStripminedThreadMap<cutlass::layout::PitchLinearShape<int=8, int=128>, int=256, int=1>>, int=4>, cutlass::transform::threadblock::PredicatedTileIterator<cutlass::MatrixShape<int=8, int=128>, float, cutlass::layout::RowMajor, int=0, cutlass::transform::PitchLinearStripminedThreadMap<cutlass::layout::PitchLinearShape<int=128, int=8>, int=256, int=1>, int=1>, cutlass::transform::threadblock::RegularTileIterator<cutlass::MatrixShape<int=8, int=128>, float, cutlass::layout::RowMajor, int=0, cutlass::transform::PitchLinearStripminedThreadMap<cutlass::layout::PitchLinearShape<int=128, int=8>, int=256, int=1>, int=4>, float, cutlass::layout::RowMajor, cutlass::gemm::threadblock::MmaPolicy<cutlass::gemm::warp::MmaSimt<cutlass::gemm::GemmShape<int=32, int=64, int=8>, float, cutlass::layout::ColumnMajor, float, cutlass::layout::RowMajor, float, cutlass::layout::RowMajor, cutlass::gemm::warp::MmaSimtPolicy<cutlass::MatrixShape<int=4, int=8>, cutlass::layout::RowMajorInterleaved<int=2>, cutlass::gemm::GemmShape<int=4, int=4, int=1>>, int=1, bool>, cutlass::MatrixShape<int=4, int=0>, cutlass::MatrixShape<int=0, int=0>, int=1>, cutlass::NumericArrayConverter<float, float, int=4, cutlass::FloatRoundStyle>, cutlass::NumericArrayConverter<float, float, int=4, cutlass::FloatRoundStyle>, bool>, cutlass::epilogue::threadblock::Epilogue<cutlass::gemm::GemmShape<int=128, int=128, int=8>, cutlass::gemm::warp::MmaSimt<cutlass::gemm::GemmShape<int=32, int=64, int=8>, float, cutlass::layout::ColumnMajor, float, cutlass::layout::RowMajor, float, cutlass::layout::RowMajor, cutlass::gemm::warp::MmaSimtPolicy<cutlass::MatrixShape<int=4, int=8>, cutlass::layout::RowMajorInterleaved<int=2>, cutlass::gemm::GemmShape<int=4, int=4, int=1>>, int=1, bool>, int=1, cutlass::epilogue::threadblock::PredicatedTileIterator<cutlass::epilogue::threadblock::OutputTileOptimalThreadMap<cutlass::epilogue::threadblock::OutputTileShape<int=128, int=1, int=4, int=4, int=1>, cutlass::epilogue::threadblock::OutputTileShape<int=1, int=4, int=2, int=1, int=8>, int=256, int=1, int=32>, float>, cutlass::epilogue::warp::FragmentIteratorSimt<cutlass::gemm::GemmShape<int=32, int=64, int=8>, cutlass::gemm::thread::Mma<cutlass::gemm::GemmShape<int=8, int=8, int=1>, float, cutlass::layout::ColumnMajor, float, cutlass::layout::RowMajor, float, cutlass::layout::RowMajor, cutlass::arch::OpMultiplyAdd, bool>, cutlass::layout::RowMajor, cutlass::gemm::warp::MmaSimtPolicy<cutlass::MatrixShape<int=4, int=8>, cutlass::layout::RowMajorInterleaved<int=2>, cutlass::gemm::GemmShape<int=4, int=4, int=1>>>, cutlass::epilogue::warp::TileIteratorSimt<cutlass::gemm::GemmShape<int=32, int=64, int=8>, cutlass::gemm::thread::Mma<cutlass::gemm::GemmShape<int=8, int=8, int=1>, float, cutlass::layout::ColumnMajor, float, cutlass::layout::RowMajor, float, cutlass::layout::RowMajor, cutlass::arch::OpMultiplyAdd, bool>, float, cutlass::layout::RowMajor, cutlass::gemm::warp::MmaSimtPolicy<cutlass::MatrixShape<int=4, int=8>, cutlass::layout::RowMajorInterleaved<int=2>, cutlass::gemm::GemmShape<int=4, int=4, int=1>>>, cutlass::epilogue::threadblock::SharedLoadIterator<cutlass::epilogue::threadblock::OutputTileOptimalThreadMap<cutlass::epilogue::threadblock::OutputTileShape<int=128, int=1, int=4, int=4, int=1>::CompactedThreadMap, cutlass::epilogue::threadblock::OutputTileShape<int=1, int=4, int=2, int=1, int=8>, int=256, int=1, int=32>, float, int=4>, cutlass::epilogue::thread::LinearCombination<float",26500
21.621952,0.001504,,,,,,,,,,112,71.018300,"Pageable","Device","Tesla V100-PCIE-32GB (0)","1","7","[CUDA memcpy HtoD]",26520
21.622625,0.020352,2048,1,1,384,1,1,16,0.000000,0.000000,,,,,"Tesla V100-PCIE-32GB (0)","1","7","void scal_kernel_val<double, double>(cublasScalParamsVal<double, double>)",26634
21.623065,39.084140,6,3528,1,256,1,1,124,0.000000,16.250000,,,,,"Tesla V100-PCIE-32GB (0)","1","7","void cutlass::Kernel<cutlass::gemm::kernel::Gemm<cutlass::gemm::threadblock::MmaPipelined<cutlass::gemm::GemmShape<int=128, int=128, int=8>, cutlass::transform::threadblock::PredicatedTileIterator<cutlass::MatrixShape<int=128, int=8>, float, cutlass::layout::RowMajor, int=1, cutlass::transform::PitchLinearStripminedThreadMap<cutlass::layout::PitchLinearShape<int=8, int=128>, int=256, int=1>, int=1>, cutlass::transform::threadblock::RegularTileIterator<cutlass::MatrixShape<int=128, int=8>, float, cutlass::layout::ColumnMajor, int=1, cutlass::transform::TransposePitchLinearThreadMapSimt<cutlass::transform::PitchLinearStripminedThreadMap<cutlass::layout::PitchLinearShape<int=8, int=128>, int=256, int=1>>, int=4>, cutlass::transform::threadblock::PredicatedTileIterator<cutlass::MatrixShape<int=8, int=128>, float, cutlass::layout::RowMajor, int=0, cutlass::transform::PitchLinearStripminedThreadMap<cutlass::layout::PitchLinearShape<int=128, int=8>, int=256, int=1>, int=1>, cutlass::transform::threadblock::RegularTileIterator<cutlass::MatrixShape<int=8, int=128>, float, cutlass::layout::RowMajor, int=0, cutlass::transform::PitchLinearStripminedThreadMap<cutlass::layout::PitchLinearShape<int=128, int=8>, int=256, int=1>, int=4>, float, cutlass::layout::RowMajor, cutlass::gemm::threadblock::MmaPolicy<cutlass::gemm::warp::MmaSimt<cutlass::gemm::GemmShape<int=32, int=64, int=8>, float, cutlass::layout::ColumnMajor, float, cutlass::layout::RowMajor, float, cutlass::layout::RowMajor, cutlass::gemm::warp::MmaSimtPolicy<cutlass::MatrixShape<int=4, int=8>, cutlass::layout::RowMajorInterleaved<int=2>, cutlass::gemm::GemmShape<int=4, int=4, int=1>>, int=1, bool>, cutlass::MatrixShape<int=4, int=0>, cutlass::MatrixShape<int=0, int=0>, int=1>, cutlass::NumericArrayConverter<float, float, int=4, cutlass::FloatRoundStyle>, cutlass::NumericArrayConverter<float, float, int=4, cutlass::FloatRoundStyle>, bool>, cutlass::epilogue::threadblock::Epilogue<cutlass::gemm::GemmShape<int=128, int=128, int=8>, cutlass::gemm::warp::MmaSimt<cutlass::gemm::GemmShape<int=32, int=64, int=8>, float, cutlass::layout::ColumnMajor, float, cutlass::layout::RowMajor, float, cutlass::layout::RowMajor, cutlass::gemm::warp::MmaSimtPolicy<cutlass::MatrixShape<int=4, int=8>, cutlass::layout::RowMajorInterleaved<int=2>, cutlass::gemm::GemmShape<int=4, int=4, int=1>>, int=1, bool>, int=1, cutlass::epilogue::threadblock::PredicatedTileIterator<cutlass::epilogue::threadblock::OutputTileOptimalThreadMap<cutlass::epilogue::threadblock::OutputTileShape<int=128, int=1, int=4, int=4, int=1>, cutlass::epilogue::threadblock::OutputTileShape<int=1, int=4, int=2, int=1, int=8>, int=256, int=1, int=32>, float>, cutlass::epilogue::warp::FragmentIteratorSimt<cutlass::gemm::GemmShape<int=32, int=64, int=8>, cutlass::gemm::thread::Mma<cutlass::gemm::GemmShape<int=8, int=8, int=1>, float, cutlass::layout::ColumnMajor, float, cutlass::layout::RowMajor, float, cutlass::layout::RowMajor, cutlass::arch::OpMultiplyAdd, bool>, cutlass::layout::RowMajor, cutlass::gemm::warp::MmaSimtPolicy<cutlass::MatrixShape<int=4, int=8>, cutlass::layout::RowMajorInterleaved<int=2>, cutlass::gemm::GemmShape<int=4, int=4, int=1>>>, cutlass::epilogue::warp::TileIteratorSimt<cutlass::gemm::GemmShape<int=32, int=64, int=8>, cutlass::gemm::thread::Mma<cutlass::gemm::GemmShape<int=8, int=8, int=1>, float, cutlass::layout::ColumnMajor, float, cutlass::layout::RowMajor, float, cutlass::layout::RowMajor, cutlass::arch::OpMultiplyAdd, bool>, float, cutlass::layout::RowMajor, cutlass::gemm::warp::MmaSimtPolicy<cutlass::MatrixShape<int=4, int=8>, cutlass::layout::RowMajorInterleaved<int=2>, cutlass::gemm::GemmShape<int=4, int=4, int=1>>>, cutlass::epilogue::threadblock::SharedLoadIterator<cutlass::epilogue::threadblock::OutputTileOptimalThreadMap<cutlass::epilogue::threadblock::OutputTileShape<int=128, int=1, int=4, int=4, int=1>::CompactedThreadMap, cutlass::epilogue::threadblock::OutputTileShape<int=1, int=4, int=2, int=1, int=8>, int=256, int=1, int=32>, float, int=4>, cutlass::epilogue::thread::LinearCombination<float",26663
21.662157,0.001472,,,,,,,,,,112,72.562176,"Pageable","Device","Tesla V100-PCIE-32GB (0)","1","7","[CUDA memcpy HtoD]",26683
21.662830,0.020512,2048,1,1,384,1,1,16,0.000000,0.000000,,,,,"Tesla V100-PCIE-32GB (0)","1","7","void scal_kernel_val<double, double>(cublasScalParamsVal<double, double>)",26797
21.663269,39.079149,6,3528,1,256,1,1,124,0.000000,16.250000,,,,,"Tesla V100-PCIE-32GB (0)","1","7","void cutlass::Kernel<cutlass::gemm::kernel::Gemm<cutlass::gemm::threadblock::MmaPipelined<cutlass::gemm::GemmShape<int=128, int=128, int=8>, cutlass::transform::threadblock::PredicatedTileIterator<cutlass::MatrixShape<int=128, int=8>, float, cutlass::layout::RowMajor, int=1, cutlass::transform::PitchLinearStripminedThreadMap<cutlass::layout::PitchLinearShape<int=8, int=128>, int=256, int=1>, int=1>, cutlass::transform::threadblock::RegularTileIterator<cutlass::MatrixShape<int=128, int=8>, float, cutlass::layout::ColumnMajor, int=1, cutlass::transform::TransposePitchLinearThreadMapSimt<cutlass::transform::PitchLinearStripminedThreadMap<cutlass::layout::PitchLinearShape<int=8, int=128>, int=256, int=1>>, int=4>, cutlass::transform::threadblock::PredicatedTileIterator<cutlass::MatrixShape<int=8, int=128>, float, cutlass::layout::RowMajor, int=0, cutlass::transform::PitchLinearStripminedThreadMap<cutlass::layout::PitchLinearShape<int=128, int=8>, int=256, int=1>, int=1>, cutlass::transform::threadblock::RegularTileIterator<cutlass::MatrixShape<int=8, int=128>, float, cutlass::layout::RowMajor, int=0, cutlass::transform::PitchLinearStripminedThreadMap<cutlass::layout::PitchLinearShape<int=128, int=8>, int=256, int=1>, int=4>, float, cutlass::layout::RowMajor, cutlass::gemm::threadblock::MmaPolicy<cutlass::gemm::warp::MmaSimt<cutlass::gemm::GemmShape<int=32, int=64, int=8>, float, cutlass::layout::ColumnMajor, float, cutlass::layout::RowMajor, float, cutlass::layout::RowMajor, cutlass::gemm::warp::MmaSimtPolicy<cutlass::MatrixShape<int=4, int=8>, cutlass::layout::RowMajorInterleaved<int=2>, cutlass::gemm::GemmShape<int=4, int=4, int=1>>, int=1, bool>, cutlass::MatrixShape<int=4, int=0>, cutlass::MatrixShape<int=0, int=0>, int=1>, cutlass::NumericArrayConverter<float, float, int=4, cutlass::FloatRoundStyle>, cutlass::NumericArrayConverter<float, float, int=4, cutlass::FloatRoundStyle>, bool>, cutlass::epilogue::threadblock::Epilogue<cutlass::gemm::GemmShape<int=128, int=128, int=8>, cutlass::gemm::warp::MmaSimt<cutlass::gemm::GemmShape<int=32, int=64, int=8>, float, cutlass::layout::ColumnMajor, float, cutlass::layout::RowMajor, float, cutlass::layout::RowMajor, cutlass::gemm::warp::MmaSimtPolicy<cutlass::MatrixShape<int=4, int=8>, cutlass::layout::RowMajorInterleaved<int=2>, cutlass::gemm::GemmShape<int=4, int=4, int=1>>, int=1, bool>, int=1, cutlass::epilogue::threadblock::PredicatedTileIterator<cutlass::epilogue::threadblock::OutputTileOptimalThreadMap<cutlass::epilogue::threadblock::OutputTileShape<int=128, int=1, int=4, int=4, int=1>, cutlass::epilogue::threadblock::OutputTileShape<int=1, int=4, int=2, int=1, int=8>, int=256, int=1, int=32>, float>, cutlass::epilogue::warp::FragmentIteratorSimt<cutlass::gemm::GemmShape<int=32, int=64, int=8>, cutlass::gemm::thread::Mma<cutlass::gemm::GemmShape<int=8, int=8, int=1>, float, cutlass::layout::ColumnMajor, float, cutlass::layout::RowMajor, float, cutlass::layout::RowMajor, cutlass::arch::OpMultiplyAdd, bool>, cutlass::layout::RowMajor, cutlass::gemm::warp::MmaSimtPolicy<cutlass::MatrixShape<int=4, int=8>, cutlass::layout::RowMajorInterleaved<int=2>, cutlass::gemm::GemmShape<int=4, int=4, int=1>>>, cutlass::epilogue::warp::TileIteratorSimt<cutlass::gemm::GemmShape<int=32, int=64, int=8>, cutlass::gemm::thread::Mma<cutlass::gemm::GemmShape<int=8, int=8, int=1>, float, cutlass::layout::ColumnMajor, float, cutlass::layout::RowMajor, float, cutlass::layout::RowMajor, cutlass::arch::OpMultiplyAdd, bool>, float, cutlass::layout::RowMajor, cutlass::gemm::warp::MmaSimtPolicy<cutlass::MatrixShape<int=4, int=8>, cutlass::layout::RowMajorInterleaved<int=2>, cutlass::gemm::GemmShape<int=4, int=4, int=1>>>, cutlass::epilogue::threadblock::SharedLoadIterator<cutlass::epilogue::threadblock::OutputTileOptimalThreadMap<cutlass::epilogue::threadblock::OutputTileShape<int=128, int=1, int=4, int=4, int=1>::CompactedThreadMap, cutlass::epilogue::threadblock::OutputTileShape<int=1, int=4, int=2, int=1, int=8>, int=256, int=1, int=32>, float, int=4>, cutlass::epilogue::thread::LinearCombination<float",26826
21.702357,0.001504,,,,,,,,,,112,71.018300,"Pageable","Device","Tesla V100-PCIE-32GB (0)","1","7","[CUDA memcpy HtoD]",26846
21.703023,0.020288,2048,1,1,384,1,1,16,0.000000,0.000000,,,,,"Tesla V100-PCIE-32GB (0)","1","7","void scal_kernel_val<double, double>(cublasScalParamsVal<double, double>)",26960
21.703466,39.071853,6,3528,1,256,1,1,124,0.000000,16.250000,,,,,"Tesla V100-PCIE-32GB (0)","1","7","void cutlass::Kernel<cutlass::gemm::kernel::Gemm<cutlass::gemm::threadblock::MmaPipelined<cutlass::gemm::GemmShape<int=128, int=128, int=8>, cutlass::transform::threadblock::PredicatedTileIterator<cutlass::MatrixShape<int=128, int=8>, float, cutlass::layout::RowMajor, int=1, cutlass::transform::PitchLinearStripminedThreadMap<cutlass::layout::PitchLinearShape<int=8, int=128>, int=256, int=1>, int=1>, cutlass::transform::threadblock::RegularTileIterator<cutlass::MatrixShape<int=128, int=8>, float, cutlass::layout::ColumnMajor, int=1, cutlass::transform::TransposePitchLinearThreadMapSimt<cutlass::transform::PitchLinearStripminedThreadMap<cutlass::layout::PitchLinearShape<int=8, int=128>, int=256, int=1>>, int=4>, cutlass::transform::threadblock::PredicatedTileIterator<cutlass::MatrixShape<int=8, int=128>, float, cutlass::layout::RowMajor, int=0, cutlass::transform::PitchLinearStripminedThreadMap<cutlass::layout::PitchLinearShape<int=128, int=8>, int=256, int=1>, int=1>, cutlass::transform::threadblock::RegularTileIterator<cutlass::MatrixShape<int=8, int=128>, float, cutlass::layout::RowMajor, int=0, cutlass::transform::PitchLinearStripminedThreadMap<cutlass::layout::PitchLinearShape<int=128, int=8>, int=256, int=1>, int=4>, float, cutlass::layout::RowMajor, cutlass::gemm::threadblock::MmaPolicy<cutlass::gemm::warp::MmaSimt<cutlass::gemm::GemmShape<int=32, int=64, int=8>, float, cutlass::layout::ColumnMajor, float, cutlass::layout::RowMajor, float, cutlass::layout::RowMajor, cutlass::gemm::warp::MmaSimtPolicy<cutlass::MatrixShape<int=4, int=8>, cutlass::layout::RowMajorInterleaved<int=2>, cutlass::gemm::GemmShape<int=4, int=4, int=1>>, int=1, bool>, cutlass::MatrixShape<int=4, int=0>, cutlass::MatrixShape<int=0, int=0>, int=1>, cutlass::NumericArrayConverter<float, float, int=4, cutlass::FloatRoundStyle>, cutlass::NumericArrayConverter<float, float, int=4, cutlass::FloatRoundStyle>, bool>, cutlass::epilogue::threadblock::Epilogue<cutlass::gemm::GemmShape<int=128, int=128, int=8>, cutlass::gemm::warp::MmaSimt<cutlass::gemm::GemmShape<int=32, int=64, int=8>, float, cutlass::layout::ColumnMajor, float, cutlass::layout::RowMajor, float, cutlass::layout::RowMajor, cutlass::gemm::warp::MmaSimtPolicy<cutlass::MatrixShape<int=4, int=8>, cutlass::layout::RowMajorInterleaved<int=2>, cutlass::gemm::GemmShape<int=4, int=4, int=1>>, int=1, bool>, int=1, cutlass::epilogue::threadblock::PredicatedTileIterator<cutlass::epilogue::threadblock::OutputTileOptimalThreadMap<cutlass::epilogue::threadblock::OutputTileShape<int=128, int=1, int=4, int=4, int=1>, cutlass::epilogue::threadblock::OutputTileShape<int=1, int=4, int=2, int=1, int=8>, int=256, int=1, int=32>, float>, cutlass::epilogue::warp::FragmentIteratorSimt<cutlass::gemm::GemmShape<int=32, int=64, int=8>, cutlass::gemm::thread::Mma<cutlass::gemm::GemmShape<int=8, int=8, int=1>, float, cutlass::layout::ColumnMajor, float, cutlass::layout::RowMajor, float, cutlass::layout::RowMajor, cutlass::arch::OpMultiplyAdd, bool>, cutlass::layout::RowMajor, cutlass::gemm::warp::MmaSimtPolicy<cutlass::MatrixShape<int=4, int=8>, cutlass::layout::RowMajorInterleaved<int=2>, cutlass::gemm::GemmShape<int=4, int=4, int=1>>>, cutlass::epilogue::warp::TileIteratorSimt<cutlass::gemm::GemmShape<int=32, int=64, int=8>, cutlass::gemm::thread::Mma<cutlass::gemm::GemmShape<int=8, int=8, int=1>, float, cutlass::layout::ColumnMajor, float, cutlass::layout::RowMajor, float, cutlass::layout::RowMajor, cutlass::arch::OpMultiplyAdd, bool>, float, cutlass::layout::RowMajor, cutlass::gemm::warp::MmaSimtPolicy<cutlass::MatrixShape<int=4, int=8>, cutlass::layout::RowMajorInterleaved<int=2>, cutlass::gemm::GemmShape<int=4, int=4, int=1>>>, cutlass::epilogue::threadblock::SharedLoadIterator<cutlass::epilogue::threadblock::OutputTileOptimalThreadMap<cutlass::epilogue::threadblock::OutputTileShape<int=128, int=1, int=4, int=4, int=1>::CompactedThreadMap, cutlass::epilogue::threadblock::OutputTileShape<int=1, int=4, int=2, int=1, int=8>, int=256, int=1, int=32>, float, int=4>, cutlass::epilogue::thread::LinearCombination<float",26989
21.742547,0.001472,,,,,,,,,,112,72.562176,"Pageable","Device","Tesla V100-PCIE-32GB (0)","1","7","[CUDA memcpy HtoD]",27009
21.743272,0.020768,2048,1,1,384,1,1,16,0.000000,0.000000,,,,,"Tesla V100-PCIE-32GB (0)","1","7","void scal_kernel_val<double, double>(cublasScalParamsVal<double, double>)",27123
21.743710,39.079885,6,3528,1,256,1,1,124,0.000000,16.250000,,,,,"Tesla V100-PCIE-32GB (0)","1","7","void cutlass::Kernel<cutlass::gemm::kernel::Gemm<cutlass::gemm::threadblock::MmaPipelined<cutlass::gemm::GemmShape<int=128, int=128, int=8>, cutlass::transform::threadblock::PredicatedTileIterator<cutlass::MatrixShape<int=128, int=8>, float, cutlass::layout::RowMajor, int=1, cutlass::transform::PitchLinearStripminedThreadMap<cutlass::layout::PitchLinearShape<int=8, int=128>, int=256, int=1>, int=1>, cutlass::transform::threadblock::RegularTileIterator<cutlass::MatrixShape<int=128, int=8>, float, cutlass::layout::ColumnMajor, int=1, cutlass::transform::TransposePitchLinearThreadMapSimt<cutlass::transform::PitchLinearStripminedThreadMap<cutlass::layout::PitchLinearShape<int=8, int=128>, int=256, int=1>>, int=4>, cutlass::transform::threadblock::PredicatedTileIterator<cutlass::MatrixShape<int=8, int=128>, float, cutlass::layout::RowMajor, int=0, cutlass::transform::PitchLinearStripminedThreadMap<cutlass::layout::PitchLinearShape<int=128, int=8>, int=256, int=1>, int=1>, cutlass::transform::threadblock::RegularTileIterator<cutlass::MatrixShape<int=8, int=128>, float, cutlass::layout::RowMajor, int=0, cutlass::transform::PitchLinearStripminedThreadMap<cutlass::layout::PitchLinearShape<int=128, int=8>, int=256, int=1>, int=4>, float, cutlass::layout::RowMajor, cutlass::gemm::threadblock::MmaPolicy<cutlass::gemm::warp::MmaSimt<cutlass::gemm::GemmShape<int=32, int=64, int=8>, float, cutlass::layout::ColumnMajor, float, cutlass::layout::RowMajor, float, cutlass::layout::RowMajor, cutlass::gemm::warp::MmaSimtPolicy<cutlass::MatrixShape<int=4, int=8>, cutlass::layout::RowMajorInterleaved<int=2>, cutlass::gemm::GemmShape<int=4, int=4, int=1>>, int=1, bool>, cutlass::MatrixShape<int=4, int=0>, cutlass::MatrixShape<int=0, int=0>, int=1>, cutlass::NumericArrayConverter<float, float, int=4, cutlass::FloatRoundStyle>, cutlass::NumericArrayConverter<float, float, int=4, cutlass::FloatRoundStyle>, bool>, cutlass::epilogue::threadblock::Epilogue<cutlass::gemm::GemmShape<int=128, int=128, int=8>, cutlass::gemm::warp::MmaSimt<cutlass::gemm::GemmShape<int=32, int=64, int=8>, float, cutlass::layout::ColumnMajor, float, cutlass::layout::RowMajor, float, cutlass::layout::RowMajor, cutlass::gemm::warp::MmaSimtPolicy<cutlass::MatrixShape<int=4, int=8>, cutlass::layout::RowMajorInterleaved<int=2>, cutlass::gemm::GemmShape<int=4, int=4, int=1>>, int=1, bool>, int=1, cutlass::epilogue::threadblock::PredicatedTileIterator<cutlass::epilogue::threadblock::OutputTileOptimalThreadMap<cutlass::epilogue::threadblock::OutputTileShape<int=128, int=1, int=4, int=4, int=1>, cutlass::epilogue::threadblock::OutputTileShape<int=1, int=4, int=2, int=1, int=8>, int=256, int=1, int=32>, float>, cutlass::epilogue::warp::FragmentIteratorSimt<cutlass::gemm::GemmShape<int=32, int=64, int=8>, cutlass::gemm::thread::Mma<cutlass::gemm::GemmShape<int=8, int=8, int=1>, float, cutlass::layout::ColumnMajor, float, cutlass::layout::RowMajor, float, cutlass::layout::RowMajor, cutlass::arch::OpMultiplyAdd, bool>, cutlass::layout::RowMajor, cutlass::gemm::warp::MmaSimtPolicy<cutlass::MatrixShape<int=4, int=8>, cutlass::layout::RowMajorInterleaved<int=2>, cutlass::gemm::GemmShape<int=4, int=4, int=1>>>, cutlass::epilogue::warp::TileIteratorSimt<cutlass::gemm::GemmShape<int=32, int=64, int=8>, cutlass::gemm::thread::Mma<cutlass::gemm::GemmShape<int=8, int=8, int=1>, float, cutlass::layout::ColumnMajor, float, cutlass::layout::RowMajor, float, cutlass::layout::RowMajor, cutlass::arch::OpMultiplyAdd, bool>, float, cutlass::layout::RowMajor, cutlass::gemm::warp::MmaSimtPolicy<cutlass::MatrixShape<int=4, int=8>, cutlass::layout::RowMajorInterleaved<int=2>, cutlass::gemm::GemmShape<int=4, int=4, int=1>>>, cutlass::epilogue::threadblock::SharedLoadIterator<cutlass::epilogue::threadblock::OutputTileOptimalThreadMap<cutlass::epilogue::threadblock::OutputTileShape<int=128, int=1, int=4, int=4, int=1>::CompactedThreadMap, cutlass::epilogue::threadblock::OutputTileShape<int=1, int=4, int=2, int=1, int=8>, int=256, int=1, int=32>, float, int=4>, cutlass::epilogue::thread::LinearCombination<float",27152
21.782799,0.001472,,,,,,,,,,112,72.562176,"Pageable","Device","Tesla V100-PCIE-32GB (0)","1","7","[CUDA memcpy HtoD]",27172
21.783473,0.020640,2048,1,1,384,1,1,16,0.000000,0.000000,,,,,"Tesla V100-PCIE-32GB (0)","1","7","void scal_kernel_val<double, double>(cublasScalParamsVal<double, double>)",27286
21.783905,39.088333,6,3528,1,256,1,1,124,0.000000,16.250000,,,,,"Tesla V100-PCIE-32GB (0)","1","7","void cutlass::Kernel<cutlass::gemm::kernel::Gemm<cutlass::gemm::threadblock::MmaPipelined<cutlass::gemm::GemmShape<int=128, int=128, int=8>, cutlass::transform::threadblock::PredicatedTileIterator<cutlass::MatrixShape<int=128, int=8>, float, cutlass::layout::RowMajor, int=1, cutlass::transform::PitchLinearStripminedThreadMap<cutlass::layout::PitchLinearShape<int=8, int=128>, int=256, int=1>, int=1>, cutlass::transform::threadblock::RegularTileIterator<cutlass::MatrixShape<int=128, int=8>, float, cutlass::layout::ColumnMajor, int=1, cutlass::transform::TransposePitchLinearThreadMapSimt<cutlass::transform::PitchLinearStripminedThreadMap<cutlass::layout::PitchLinearShape<int=8, int=128>, int=256, int=1>>, int=4>, cutlass::transform::threadblock::PredicatedTileIterator<cutlass::MatrixShape<int=8, int=128>, float, cutlass::layout::RowMajor, int=0, cutlass::transform::PitchLinearStripminedThreadMap<cutlass::layout::PitchLinearShape<int=128, int=8>, int=256, int=1>, int=1>, cutlass::transform::threadblock::RegularTileIterator<cutlass::MatrixShape<int=8, int=128>, float, cutlass::layout::RowMajor, int=0, cutlass::transform::PitchLinearStripminedThreadMap<cutlass::layout::PitchLinearShape<int=128, int=8>, int=256, int=1>, int=4>, float, cutlass::layout::RowMajor, cutlass::gemm::threadblock::MmaPolicy<cutlass::gemm::warp::MmaSimt<cutlass::gemm::GemmShape<int=32, int=64, int=8>, float, cutlass::layout::ColumnMajor, float, cutlass::layout::RowMajor, float, cutlass::layout::RowMajor, cutlass::gemm::warp::MmaSimtPolicy<cutlass::MatrixShape<int=4, int=8>, cutlass::layout::RowMajorInterleaved<int=2>, cutlass::gemm::GemmShape<int=4, int=4, int=1>>, int=1, bool>, cutlass::MatrixShape<int=4, int=0>, cutlass::MatrixShape<int=0, int=0>, int=1>, cutlass::NumericArrayConverter<float, float, int=4, cutlass::FloatRoundStyle>, cutlass::NumericArrayConverter<float, float, int=4, cutlass::FloatRoundStyle>, bool>, cutlass::epilogue::threadblock::Epilogue<cutlass::gemm::GemmShape<int=128, int=128, int=8>, cutlass::gemm::warp::MmaSimt<cutlass::gemm::GemmShape<int=32, int=64, int=8>, float, cutlass::layout::ColumnMajor, float, cutlass::layout::RowMajor, float, cutlass::layout::RowMajor, cutlass::gemm::warp::MmaSimtPolicy<cutlass::MatrixShape<int=4, int=8>, cutlass::layout::RowMajorInterleaved<int=2>, cutlass::gemm::GemmShape<int=4, int=4, int=1>>, int=1, bool>, int=1, cutlass::epilogue::threadblock::PredicatedTileIterator<cutlass::epilogue::threadblock::OutputTileOptimalThreadMap<cutlass::epilogue::threadblock::OutputTileShape<int=128, int=1, int=4, int=4, int=1>, cutlass::epilogue::threadblock::OutputTileShape<int=1, int=4, int=2, int=1, int=8>, int=256, int=1, int=32>, float>, cutlass::epilogue::warp::FragmentIteratorSimt<cutlass::gemm::GemmShape<int=32, int=64, int=8>, cutlass::gemm::thread::Mma<cutlass::gemm::GemmShape<int=8, int=8, int=1>, float, cutlass::layout::ColumnMajor, float, cutlass::layout::RowMajor, float, cutlass::layout::RowMajor, cutlass::arch::OpMultiplyAdd, bool>, cutlass::layout::RowMajor, cutlass::gemm::warp::MmaSimtPolicy<cutlass::MatrixShape<int=4, int=8>, cutlass::layout::RowMajorInterleaved<int=2>, cutlass::gemm::GemmShape<int=4, int=4, int=1>>>, cutlass::epilogue::warp::TileIteratorSimt<cutlass::gemm::GemmShape<int=32, int=64, int=8>, cutlass::gemm::thread::Mma<cutlass::gemm::GemmShape<int=8, int=8, int=1>, float, cutlass::layout::ColumnMajor, float, cutlass::layout::RowMajor, float, cutlass::layout::RowMajor, cutlass::arch::OpMultiplyAdd, bool>, float, cutlass::layout::RowMajor, cutlass::gemm::warp::MmaSimtPolicy<cutlass::MatrixShape<int=4, int=8>, cutlass::layout::RowMajorInterleaved<int=2>, cutlass::gemm::GemmShape<int=4, int=4, int=1>>>, cutlass::epilogue::threadblock::SharedLoadIterator<cutlass::epilogue::threadblock::OutputTileOptimalThreadMap<cutlass::epilogue::threadblock::OutputTileShape<int=128, int=1, int=4, int=4, int=1>::CompactedThreadMap, cutlass::epilogue::threadblock::OutputTileShape<int=1, int=4, int=2, int=1, int=8>, int=256, int=1, int=32>, float, int=4>, cutlass::epilogue::thread::LinearCombination<float",27315
21.823002,0.001472,,,,,,,,,,112,72.562176,"Pageable","Device","Tesla V100-PCIE-32GB (0)","1","7","[CUDA memcpy HtoD]",27335
21.823670,0.020192,2048,1,1,384,1,1,16,0.000000,0.000000,,,,,"Tesla V100-PCIE-32GB (0)","1","7","void scal_kernel_val<double, double>(cublasScalParamsVal<double, double>)",27449
21.824100,39.081997,6,3528,1,256,1,1,124,0.000000,16.250000,,,,,"Tesla V100-PCIE-32GB (0)","1","7","void cutlass::Kernel<cutlass::gemm::kernel::Gemm<cutlass::gemm::threadblock::MmaPipelined<cutlass::gemm::GemmShape<int=128, int=128, int=8>, cutlass::transform::threadblock::PredicatedTileIterator<cutlass::MatrixShape<int=128, int=8>, float, cutlass::layout::RowMajor, int=1, cutlass::transform::PitchLinearStripminedThreadMap<cutlass::layout::PitchLinearShape<int=8, int=128>, int=256, int=1>, int=1>, cutlass::transform::threadblock::RegularTileIterator<cutlass::MatrixShape<int=128, int=8>, float, cutlass::layout::ColumnMajor, int=1, cutlass::transform::TransposePitchLinearThreadMapSimt<cutlass::transform::PitchLinearStripminedThreadMap<cutlass::layout::PitchLinearShape<int=8, int=128>, int=256, int=1>>, int=4>, cutlass::transform::threadblock::PredicatedTileIterator<cutlass::MatrixShape<int=8, int=128>, float, cutlass::layout::RowMajor, int=0, cutlass::transform::PitchLinearStripminedThreadMap<cutlass::layout::PitchLinearShape<int=128, int=8>, int=256, int=1>, int=1>, cutlass::transform::threadblock::RegularTileIterator<cutlass::MatrixShape<int=8, int=128>, float, cutlass::layout::RowMajor, int=0, cutlass::transform::PitchLinearStripminedThreadMap<cutlass::layout::PitchLinearShape<int=128, int=8>, int=256, int=1>, int=4>, float, cutlass::layout::RowMajor, cutlass::gemm::threadblock::MmaPolicy<cutlass::gemm::warp::MmaSimt<cutlass::gemm::GemmShape<int=32, int=64, int=8>, float, cutlass::layout::ColumnMajor, float, cutlass::layout::RowMajor, float, cutlass::layout::RowMajor, cutlass::gemm::warp::MmaSimtPolicy<cutlass::MatrixShape<int=4, int=8>, cutlass::layout::RowMajorInterleaved<int=2>, cutlass::gemm::GemmShape<int=4, int=4, int=1>>, int=1, bool>, cutlass::MatrixShape<int=4, int=0>, cutlass::MatrixShape<int=0, int=0>, int=1>, cutlass::NumericArrayConverter<float, float, int=4, cutlass::FloatRoundStyle>, cutlass::NumericArrayConverter<float, float, int=4, cutlass::FloatRoundStyle>, bool>, cutlass::epilogue::threadblock::Epilogue<cutlass::gemm::GemmShape<int=128, int=128, int=8>, cutlass::gemm::warp::MmaSimt<cutlass::gemm::GemmShape<int=32, int=64, int=8>, float, cutlass::layout::ColumnMajor, float, cutlass::layout::RowMajor, float, cutlass::layout::RowMajor, cutlass::gemm::warp::MmaSimtPolicy<cutlass::MatrixShape<int=4, int=8>, cutlass::layout::RowMajorInterleaved<int=2>, cutlass::gemm::GemmShape<int=4, int=4, int=1>>, int=1, bool>, int=1, cutlass::epilogue::threadblock::PredicatedTileIterator<cutlass::epilogue::threadblock::OutputTileOptimalThreadMap<cutlass::epilogue::threadblock::OutputTileShape<int=128, int=1, int=4, int=4, int=1>, cutlass::epilogue::threadblock::OutputTileShape<int=1, int=4, int=2, int=1, int=8>, int=256, int=1, int=32>, float>, cutlass::epilogue::warp::FragmentIteratorSimt<cutlass::gemm::GemmShape<int=32, int=64, int=8>, cutlass::gemm::thread::Mma<cutlass::gemm::GemmShape<int=8, int=8, int=1>, float, cutlass::layout::ColumnMajor, float, cutlass::layout::RowMajor, float, cutlass::layout::RowMajor, cutlass::arch::OpMultiplyAdd, bool>, cutlass::layout::RowMajor, cutlass::gemm::warp::MmaSimtPolicy<cutlass::MatrixShape<int=4, int=8>, cutlass::layout::RowMajorInterleaved<int=2>, cutlass::gemm::GemmShape<int=4, int=4, int=1>>>, cutlass::epilogue::warp::TileIteratorSimt<cutlass::gemm::GemmShape<int=32, int=64, int=8>, cutlass::gemm::thread::Mma<cutlass::gemm::GemmShape<int=8, int=8, int=1>, float, cutlass::layout::ColumnMajor, float, cutlass::layout::RowMajor, float, cutlass::layout::RowMajor, cutlass::arch::OpMultiplyAdd, bool>, float, cutlass::layout::RowMajor, cutlass::gemm::warp::MmaSimtPolicy<cutlass::MatrixShape<int=4, int=8>, cutlass::layout::RowMajorInterleaved<int=2>, cutlass::gemm::GemmShape<int=4, int=4, int=1>>>, cutlass::epilogue::threadblock::SharedLoadIterator<cutlass::epilogue::threadblock::OutputTileOptimalThreadMap<cutlass::epilogue::threadblock::OutputTileShape<int=128, int=1, int=4, int=4, int=1>::CompactedThreadMap, cutlass::epilogue::threadblock::OutputTileShape<int=1, int=4, int=2, int=1, int=8>, int=256, int=1, int=32>, float, int=4>, cutlass::epilogue::thread::LinearCombination<float",27478
21.863192,0.001472,,,,,,,,,,112,72.562176,"Pageable","Device","Tesla V100-PCIE-32GB (0)","1","7","[CUDA memcpy HtoD]",27498
21.863859,0.019935,2048,1,1,384,1,1,16,0.000000,0.000000,,,,,"Tesla V100-PCIE-32GB (0)","1","7","void scal_kernel_val<double, double>(cublasScalParamsVal<double, double>)",27612
21.864298,39.071021,6,3528,1,256,1,1,124,0.000000,16.250000,,,,,"Tesla V100-PCIE-32GB (0)","1","7","void cutlass::Kernel<cutlass::gemm::kernel::Gemm<cutlass::gemm::threadblock::MmaPipelined<cutlass::gemm::GemmShape<int=128, int=128, int=8>, cutlass::transform::threadblock::PredicatedTileIterator<cutlass::MatrixShape<int=128, int=8>, float, cutlass::layout::RowMajor, int=1, cutlass::transform::PitchLinearStripminedThreadMap<cutlass::layout::PitchLinearShape<int=8, int=128>, int=256, int=1>, int=1>, cutlass::transform::threadblock::RegularTileIterator<cutlass::MatrixShape<int=128, int=8>, float, cutlass::layout::ColumnMajor, int=1, cutlass::transform::TransposePitchLinearThreadMapSimt<cutlass::transform::PitchLinearStripminedThreadMap<cutlass::layout::PitchLinearShape<int=8, int=128>, int=256, int=1>>, int=4>, cutlass::transform::threadblock::PredicatedTileIterator<cutlass::MatrixShape<int=8, int=128>, float, cutlass::layout::RowMajor, int=0, cutlass::transform::PitchLinearStripminedThreadMap<cutlass::layout::PitchLinearShape<int=128, int=8>, int=256, int=1>, int=1>, cutlass::transform::threadblock::RegularTileIterator<cutlass::MatrixShape<int=8, int=128>, float, cutlass::layout::RowMajor, int=0, cutlass::transform::PitchLinearStripminedThreadMap<cutlass::layout::PitchLinearShape<int=128, int=8>, int=256, int=1>, int=4>, float, cutlass::layout::RowMajor, cutlass::gemm::threadblock::MmaPolicy<cutlass::gemm::warp::MmaSimt<cutlass::gemm::GemmShape<int=32, int=64, int=8>, float, cutlass::layout::ColumnMajor, float, cutlass::layout::RowMajor, float, cutlass::layout::RowMajor, cutlass::gemm::warp::MmaSimtPolicy<cutlass::MatrixShape<int=4, int=8>, cutlass::layout::RowMajorInterleaved<int=2>, cutlass::gemm::GemmShape<int=4, int=4, int=1>>, int=1, bool>, cutlass::MatrixShape<int=4, int=0>, cutlass::MatrixShape<int=0, int=0>, int=1>, cutlass::NumericArrayConverter<float, float, int=4, cutlass::FloatRoundStyle>, cutlass::NumericArrayConverter<float, float, int=4, cutlass::FloatRoundStyle>, bool>, cutlass::epilogue::threadblock::Epilogue<cutlass::gemm::GemmShape<int=128, int=128, int=8>, cutlass::gemm::warp::MmaSimt<cutlass::gemm::GemmShape<int=32, int=64, int=8>, float, cutlass::layout::ColumnMajor, float, cutlass::layout::RowMajor, float, cutlass::layout::RowMajor, cutlass::gemm::warp::MmaSimtPolicy<cutlass::MatrixShape<int=4, int=8>, cutlass::layout::RowMajorInterleaved<int=2>, cutlass::gemm::GemmShape<int=4, int=4, int=1>>, int=1, bool>, int=1, cutlass::epilogue::threadblock::PredicatedTileIterator<cutlass::epilogue::threadblock::OutputTileOptimalThreadMap<cutlass::epilogue::threadblock::OutputTileShape<int=128, int=1, int=4, int=4, int=1>, cutlass::epilogue::threadblock::OutputTileShape<int=1, int=4, int=2, int=1, int=8>, int=256, int=1, int=32>, float>, cutlass::epilogue::warp::FragmentIteratorSimt<cutlass::gemm::GemmShape<int=32, int=64, int=8>, cutlass::gemm::thread::Mma<cutlass::gemm::GemmShape<int=8, int=8, int=1>, float, cutlass::layout::ColumnMajor, float, cutlass::layout::RowMajor, float, cutlass::layout::RowMajor, cutlass::arch::OpMultiplyAdd, bool>, cutlass::layout::RowMajor, cutlass::gemm::warp::MmaSimtPolicy<cutlass::MatrixShape<int=4, int=8>, cutlass::layout::RowMajorInterleaved<int=2>, cutlass::gemm::GemmShape<int=4, int=4, int=1>>>, cutlass::epilogue::warp::TileIteratorSimt<cutlass::gemm::GemmShape<int=32, int=64, int=8>, cutlass::gemm::thread::Mma<cutlass::gemm::GemmShape<int=8, int=8, int=1>, float, cutlass::layout::ColumnMajor, float, cutlass::layout::RowMajor, float, cutlass::layout::RowMajor, cutlass::arch::OpMultiplyAdd, bool>, float, cutlass::layout::RowMajor, cutlass::gemm::warp::MmaSimtPolicy<cutlass::MatrixShape<int=4, int=8>, cutlass::layout::RowMajorInterleaved<int=2>, cutlass::gemm::GemmShape<int=4, int=4, int=1>>>, cutlass::epilogue::threadblock::SharedLoadIterator<cutlass::epilogue::threadblock::OutputTileOptimalThreadMap<cutlass::epilogue::threadblock::OutputTileShape<int=128, int=1, int=4, int=4, int=1>::CompactedThreadMap, cutlass::epilogue::threadblock::OutputTileShape<int=1, int=4, int=2, int=1, int=8>, int=256, int=1, int=32>, float, int=4>, cutlass::epilogue::thread::LinearCombination<float",27641
21.903378,0.001472,,,,,,,,,,112,72.562176,"Pageable","Device","Tesla V100-PCIE-32GB (0)","1","7","[CUDA memcpy HtoD]",27661
21.904041,0.020384,2048,1,1,384,1,1,16,0.000000,0.000000,,,,,"Tesla V100-PCIE-32GB (0)","1","7","void scal_kernel_val<double, double>(cublasScalParamsVal<double, double>)",27775
21.904478,39.073677,6,3528,1,256,1,1,124,0.000000,16.250000,,,,,"Tesla V100-PCIE-32GB (0)","1","7","void cutlass::Kernel<cutlass::gemm::kernel::Gemm<cutlass::gemm::threadblock::MmaPipelined<cutlass::gemm::GemmShape<int=128, int=128, int=8>, cutlass::transform::threadblock::PredicatedTileIterator<cutlass::MatrixShape<int=128, int=8>, float, cutlass::layout::RowMajor, int=1, cutlass::transform::PitchLinearStripminedThreadMap<cutlass::layout::PitchLinearShape<int=8, int=128>, int=256, int=1>, int=1>, cutlass::transform::threadblock::RegularTileIterator<cutlass::MatrixShape<int=128, int=8>, float, cutlass::layout::ColumnMajor, int=1, cutlass::transform::TransposePitchLinearThreadMapSimt<cutlass::transform::PitchLinearStripminedThreadMap<cutlass::layout::PitchLinearShape<int=8, int=128>, int=256, int=1>>, int=4>, cutlass::transform::threadblock::PredicatedTileIterator<cutlass::MatrixShape<int=8, int=128>, float, cutlass::layout::RowMajor, int=0, cutlass::transform::PitchLinearStripminedThreadMap<cutlass::layout::PitchLinearShape<int=128, int=8>, int=256, int=1>, int=1>, cutlass::transform::threadblock::RegularTileIterator<cutlass::MatrixShape<int=8, int=128>, float, cutlass::layout::RowMajor, int=0, cutlass::transform::PitchLinearStripminedThreadMap<cutlass::layout::PitchLinearShape<int=128, int=8>, int=256, int=1>, int=4>, float, cutlass::layout::RowMajor, cutlass::gemm::threadblock::MmaPolicy<cutlass::gemm::warp::MmaSimt<cutlass::gemm::GemmShape<int=32, int=64, int=8>, float, cutlass::layout::ColumnMajor, float, cutlass::layout::RowMajor, float, cutlass::layout::RowMajor, cutlass::gemm::warp::MmaSimtPolicy<cutlass::MatrixShape<int=4, int=8>, cutlass::layout::RowMajorInterleaved<int=2>, cutlass::gemm::GemmShape<int=4, int=4, int=1>>, int=1, bool>, cutlass::MatrixShape<int=4, int=0>, cutlass::MatrixShape<int=0, int=0>, int=1>, cutlass::NumericArrayConverter<float, float, int=4, cutlass::FloatRoundStyle>, cutlass::NumericArrayConverter<float, float, int=4, cutlass::FloatRoundStyle>, bool>, cutlass::epilogue::threadblock::Epilogue<cutlass::gemm::GemmShape<int=128, int=128, int=8>, cutlass::gemm::warp::MmaSimt<cutlass::gemm::GemmShape<int=32, int=64, int=8>, float, cutlass::layout::ColumnMajor, float, cutlass::layout::RowMajor, float, cutlass::layout::RowMajor, cutlass::gemm::warp::MmaSimtPolicy<cutlass::MatrixShape<int=4, int=8>, cutlass::layout::RowMajorInterleaved<int=2>, cutlass::gemm::GemmShape<int=4, int=4, int=1>>, int=1, bool>, int=1, cutlass::epilogue::threadblock::PredicatedTileIterator<cutlass::epilogue::threadblock::OutputTileOptimalThreadMap<cutlass::epilogue::threadblock::OutputTileShape<int=128, int=1, int=4, int=4, int=1>, cutlass::epilogue::threadblock::OutputTileShape<int=1, int=4, int=2, int=1, int=8>, int=256, int=1, int=32>, float>, cutlass::epilogue::warp::FragmentIteratorSimt<cutlass::gemm::GemmShape<int=32, int=64, int=8>, cutlass::gemm::thread::Mma<cutlass::gemm::GemmShape<int=8, int=8, int=1>, float, cutlass::layout::ColumnMajor, float, cutlass::layout::RowMajor, float, cutlass::layout::RowMajor, cutlass::arch::OpMultiplyAdd, bool>, cutlass::layout::RowMajor, cutlass::gemm::warp::MmaSimtPolicy<cutlass::MatrixShape<int=4, int=8>, cutlass::layout::RowMajorInterleaved<int=2>, cutlass::gemm::GemmShape<int=4, int=4, int=1>>>, cutlass::epilogue::warp::TileIteratorSimt<cutlass::gemm::GemmShape<int=32, int=64, int=8>, cutlass::gemm::thread::Mma<cutlass::gemm::GemmShape<int=8, int=8, int=1>, float, cutlass::layout::ColumnMajor, float, cutlass::layout::RowMajor, float, cutlass::layout::RowMajor, cutlass::arch::OpMultiplyAdd, bool>, float, cutlass::layout::RowMajor, cutlass::gemm::warp::MmaSimtPolicy<cutlass::MatrixShape<int=4, int=8>, cutlass::layout::RowMajorInterleaved<int=2>, cutlass::gemm::GemmShape<int=4, int=4, int=1>>>, cutlass::epilogue::threadblock::SharedLoadIterator<cutlass::epilogue::threadblock::OutputTileOptimalThreadMap<cutlass::epilogue::threadblock::OutputTileShape<int=128, int=1, int=4, int=4, int=1>::CompactedThreadMap, cutlass::epilogue::threadblock::OutputTileShape<int=1, int=4, int=2, int=1, int=8>, int=256, int=1, int=32>, float, int=4>, cutlass::epilogue::thread::LinearCombination<float",27804
21.943560,0.001472,,,,,,,,,,112,72.562176,"Pageable","Device","Tesla V100-PCIE-32GB (0)","1","7","[CUDA memcpy HtoD]",27824
21.944270,0.020576,2048,1,1,384,1,1,16,0.000000,0.000000,,,,,"Tesla V100-PCIE-32GB (0)","1","7","void scal_kernel_val<double, double>(cublasScalParamsVal<double, double>)",27938
21.944717,39.080589,6,3528,1,256,1,1,124,0.000000,16.250000,,,,,"Tesla V100-PCIE-32GB (0)","1","7","void cutlass::Kernel<cutlass::gemm::kernel::Gemm<cutlass::gemm::threadblock::MmaPipelined<cutlass::gemm::GemmShape<int=128, int=128, int=8>, cutlass::transform::threadblock::PredicatedTileIterator<cutlass::MatrixShape<int=128, int=8>, float, cutlass::layout::RowMajor, int=1, cutlass::transform::PitchLinearStripminedThreadMap<cutlass::layout::PitchLinearShape<int=8, int=128>, int=256, int=1>, int=1>, cutlass::transform::threadblock::RegularTileIterator<cutlass::MatrixShape<int=128, int=8>, float, cutlass::layout::ColumnMajor, int=1, cutlass::transform::TransposePitchLinearThreadMapSimt<cutlass::transform::PitchLinearStripminedThreadMap<cutlass::layout::PitchLinearShape<int=8, int=128>, int=256, int=1>>, int=4>, cutlass::transform::threadblock::PredicatedTileIterator<cutlass::MatrixShape<int=8, int=128>, float, cutlass::layout::RowMajor, int=0, cutlass::transform::PitchLinearStripminedThreadMap<cutlass::layout::PitchLinearShape<int=128, int=8>, int=256, int=1>, int=1>, cutlass::transform::threadblock::RegularTileIterator<cutlass::MatrixShape<int=8, int=128>, float, cutlass::layout::RowMajor, int=0, cutlass::transform::PitchLinearStripminedThreadMap<cutlass::layout::PitchLinearShape<int=128, int=8>, int=256, int=1>, int=4>, float, cutlass::layout::RowMajor, cutlass::gemm::threadblock::MmaPolicy<cutlass::gemm::warp::MmaSimt<cutlass::gemm::GemmShape<int=32, int=64, int=8>, float, cutlass::layout::ColumnMajor, float, cutlass::layout::RowMajor, float, cutlass::layout::RowMajor, cutlass::gemm::warp::MmaSimtPolicy<cutlass::MatrixShape<int=4, int=8>, cutlass::layout::RowMajorInterleaved<int=2>, cutlass::gemm::GemmShape<int=4, int=4, int=1>>, int=1, bool>, cutlass::MatrixShape<int=4, int=0>, cutlass::MatrixShape<int=0, int=0>, int=1>, cutlass::NumericArrayConverter<float, float, int=4, cutlass::FloatRoundStyle>, cutlass::NumericArrayConverter<float, float, int=4, cutlass::FloatRoundStyle>, bool>, cutlass::epilogue::threadblock::Epilogue<cutlass::gemm::GemmShape<int=128, int=128, int=8>, cutlass::gemm::warp::MmaSimt<cutlass::gemm::GemmShape<int=32, int=64, int=8>, float, cutlass::layout::ColumnMajor, float, cutlass::layout::RowMajor, float, cutlass::layout::RowMajor, cutlass::gemm::warp::MmaSimtPolicy<cutlass::MatrixShape<int=4, int=8>, cutlass::layout::RowMajorInterleaved<int=2>, cutlass::gemm::GemmShape<int=4, int=4, int=1>>, int=1, bool>, int=1, cutlass::epilogue::threadblock::PredicatedTileIterator<cutlass::epilogue::threadblock::OutputTileOptimalThreadMap<cutlass::epilogue::threadblock::OutputTileShape<int=128, int=1, int=4, int=4, int=1>, cutlass::epilogue::threadblock::OutputTileShape<int=1, int=4, int=2, int=1, int=8>, int=256, int=1, int=32>, float>, cutlass::epilogue::warp::FragmentIteratorSimt<cutlass::gemm::GemmShape<int=32, int=64, int=8>, cutlass::gemm::thread::Mma<cutlass::gemm::GemmShape<int=8, int=8, int=1>, float, cutlass::layout::ColumnMajor, float, cutlass::layout::RowMajor, float, cutlass::layout::RowMajor, cutlass::arch::OpMultiplyAdd, bool>, cutlass::layout::RowMajor, cutlass::gemm::warp::MmaSimtPolicy<cutlass::MatrixShape<int=4, int=8>, cutlass::layout::RowMajorInterleaved<int=2>, cutlass::gemm::GemmShape<int=4, int=4, int=1>>>, cutlass::epilogue::warp::TileIteratorSimt<cutlass::gemm::GemmShape<int=32, int=64, int=8>, cutlass::gemm::thread::Mma<cutlass::gemm::GemmShape<int=8, int=8, int=1>, float, cutlass::layout::ColumnMajor, float, cutlass::layout::RowMajor, float, cutlass::layout::RowMajor, cutlass::arch::OpMultiplyAdd, bool>, float, cutlass::layout::RowMajor, cutlass::gemm::warp::MmaSimtPolicy<cutlass::MatrixShape<int=4, int=8>, cutlass::layout::RowMajorInterleaved<int=2>, cutlass::gemm::GemmShape<int=4, int=4, int=1>>>, cutlass::epilogue::threadblock::SharedLoadIterator<cutlass::epilogue::threadblock::OutputTileOptimalThreadMap<cutlass::epilogue::threadblock::OutputTileShape<int=128, int=1, int=4, int=4, int=1>::CompactedThreadMap, cutlass::epilogue::threadblock::OutputTileShape<int=1, int=4, int=2, int=1, int=8>, int=256, int=1, int=32>, float, int=4>, cutlass::epilogue::thread::LinearCombination<float",27967
21.983807,0.001472,,,,,,,,,,112,72.562176,"Pageable","Device","Tesla V100-PCIE-32GB (0)","1","7","[CUDA memcpy HtoD]",27987
21.984686,0.020736,2048,1,1,384,1,1,16,0.000000,0.000000,,,,,"Tesla V100-PCIE-32GB (0)","1","7","void scal_kernel_val<double, double>(cublasScalParamsVal<double, double>)",28101
21.985398,39.074925,6,3528,1,256,1,1,124,0.000000,16.250000,,,,,"Tesla V100-PCIE-32GB (0)","1","7","void cutlass::Kernel<cutlass::gemm::kernel::Gemm<cutlass::gemm::threadblock::MmaPipelined<cutlass::gemm::GemmShape<int=128, int=128, int=8>, cutlass::transform::threadblock::PredicatedTileIterator<cutlass::MatrixShape<int=128, int=8>, float, cutlass::layout::RowMajor, int=1, cutlass::transform::PitchLinearStripminedThreadMap<cutlass::layout::PitchLinearShape<int=8, int=128>, int=256, int=1>, int=1>, cutlass::transform::threadblock::RegularTileIterator<cutlass::MatrixShape<int=128, int=8>, float, cutlass::layout::ColumnMajor, int=1, cutlass::transform::TransposePitchLinearThreadMapSimt<cutlass::transform::PitchLinearStripminedThreadMap<cutlass::layout::PitchLinearShape<int=8, int=128>, int=256, int=1>>, int=4>, cutlass::transform::threadblock::PredicatedTileIterator<cutlass::MatrixShape<int=8, int=128>, float, cutlass::layout::RowMajor, int=0, cutlass::transform::PitchLinearStripminedThreadMap<cutlass::layout::PitchLinearShape<int=128, int=8>, int=256, int=1>, int=1>, cutlass::transform::threadblock::RegularTileIterator<cutlass::MatrixShape<int=8, int=128>, float, cutlass::layout::RowMajor, int=0, cutlass::transform::PitchLinearStripminedThreadMap<cutlass::layout::PitchLinearShape<int=128, int=8>, int=256, int=1>, int=4>, float, cutlass::layout::RowMajor, cutlass::gemm::threadblock::MmaPolicy<cutlass::gemm::warp::MmaSimt<cutlass::gemm::GemmShape<int=32, int=64, int=8>, float, cutlass::layout::ColumnMajor, float, cutlass::layout::RowMajor, float, cutlass::layout::RowMajor, cutlass::gemm::warp::MmaSimtPolicy<cutlass::MatrixShape<int=4, int=8>, cutlass::layout::RowMajorInterleaved<int=2>, cutlass::gemm::GemmShape<int=4, int=4, int=1>>, int=1, bool>, cutlass::MatrixShape<int=4, int=0>, cutlass::MatrixShape<int=0, int=0>, int=1>, cutlass::NumericArrayConverter<float, float, int=4, cutlass::FloatRoundStyle>, cutlass::NumericArrayConverter<float, float, int=4, cutlass::FloatRoundStyle>, bool>, cutlass::epilogue::threadblock::Epilogue<cutlass::gemm::GemmShape<int=128, int=128, int=8>, cutlass::gemm::warp::MmaSimt<cutlass::gemm::GemmShape<int=32, int=64, int=8>, float, cutlass::layout::ColumnMajor, float, cutlass::layout::RowMajor, float, cutlass::layout::RowMajor, cutlass::gemm::warp::MmaSimtPolicy<cutlass::MatrixShape<int=4, int=8>, cutlass::layout::RowMajorInterleaved<int=2>, cutlass::gemm::GemmShape<int=4, int=4, int=1>>, int=1, bool>, int=1, cutlass::epilogue::threadblock::PredicatedTileIterator<cutlass::epilogue::threadblock::OutputTileOptimalThreadMap<cutlass::epilogue::threadblock::OutputTileShape<int=128, int=1, int=4, int=4, int=1>, cutlass::epilogue::threadblock::OutputTileShape<int=1, int=4, int=2, int=1, int=8>, int=256, int=1, int=32>, float>, cutlass::epilogue::warp::FragmentIteratorSimt<cutlass::gemm::GemmShape<int=32, int=64, int=8>, cutlass::gemm::thread::Mma<cutlass::gemm::GemmShape<int=8, int=8, int=1>, float, cutlass::layout::ColumnMajor, float, cutlass::layout::RowMajor, float, cutlass::layout::RowMajor, cutlass::arch::OpMultiplyAdd, bool>, cutlass::layout::RowMajor, cutlass::gemm::warp::MmaSimtPolicy<cutlass::MatrixShape<int=4, int=8>, cutlass::layout::RowMajorInterleaved<int=2>, cutlass::gemm::GemmShape<int=4, int=4, int=1>>>, cutlass::epilogue::warp::TileIteratorSimt<cutlass::gemm::GemmShape<int=32, int=64, int=8>, cutlass::gemm::thread::Mma<cutlass::gemm::GemmShape<int=8, int=8, int=1>, float, cutlass::layout::ColumnMajor, float, cutlass::layout::RowMajor, float, cutlass::layout::RowMajor, cutlass::arch::OpMultiplyAdd, bool>, float, cutlass::layout::RowMajor, cutlass::gemm::warp::MmaSimtPolicy<cutlass::MatrixShape<int=4, int=8>, cutlass::layout::RowMajorInterleaved<int=2>, cutlass::gemm::GemmShape<int=4, int=4, int=1>>>, cutlass::epilogue::threadblock::SharedLoadIterator<cutlass::epilogue::threadblock::OutputTileOptimalThreadMap<cutlass::epilogue::threadblock::OutputTileShape<int=128, int=1, int=4, int=4, int=1>::CompactedThreadMap, cutlass::epilogue::threadblock::OutputTileShape<int=1, int=4, int=2, int=1, int=8>, int=256, int=1, int=32>, float, int=4>, cutlass::epilogue::thread::LinearCombination<float",28130
22.024482,0.001472,,,,,,,,,,112,72.562176,"Pageable","Device","Tesla V100-PCIE-32GB (0)","1","7","[CUDA memcpy HtoD]",28150
22.025174,0.020127,2048,1,1,384,1,1,16,0.000000,0.000000,,,,,"Tesla V100-PCIE-32GB (0)","1","7","void scal_kernel_val<double, double>(cublasScalParamsVal<double, double>)",28264
22.025622,39.079341,6,3528,1,256,1,1,124,0.000000,16.250000,,,,,"Tesla V100-PCIE-32GB (0)","1","7","void cutlass::Kernel<cutlass::gemm::kernel::Gemm<cutlass::gemm::threadblock::MmaPipelined<cutlass::gemm::GemmShape<int=128, int=128, int=8>, cutlass::transform::threadblock::PredicatedTileIterator<cutlass::MatrixShape<int=128, int=8>, float, cutlass::layout::RowMajor, int=1, cutlass::transform::PitchLinearStripminedThreadMap<cutlass::layout::PitchLinearShape<int=8, int=128>, int=256, int=1>, int=1>, cutlass::transform::threadblock::RegularTileIterator<cutlass::MatrixShape<int=128, int=8>, float, cutlass::layout::ColumnMajor, int=1, cutlass::transform::TransposePitchLinearThreadMapSimt<cutlass::transform::PitchLinearStripminedThreadMap<cutlass::layout::PitchLinearShape<int=8, int=128>, int=256, int=1>>, int=4>, cutlass::transform::threadblock::PredicatedTileIterator<cutlass::MatrixShape<int=8, int=128>, float, cutlass::layout::RowMajor, int=0, cutlass::transform::PitchLinearStripminedThreadMap<cutlass::layout::PitchLinearShape<int=128, int=8>, int=256, int=1>, int=1>, cutlass::transform::threadblock::RegularTileIterator<cutlass::MatrixShape<int=8, int=128>, float, cutlass::layout::RowMajor, int=0, cutlass::transform::PitchLinearStripminedThreadMap<cutlass::layout::PitchLinearShape<int=128, int=8>, int=256, int=1>, int=4>, float, cutlass::layout::RowMajor, cutlass::gemm::threadblock::MmaPolicy<cutlass::gemm::warp::MmaSimt<cutlass::gemm::GemmShape<int=32, int=64, int=8>, float, cutlass::layout::ColumnMajor, float, cutlass::layout::RowMajor, float, cutlass::layout::RowMajor, cutlass::gemm::warp::MmaSimtPolicy<cutlass::MatrixShape<int=4, int=8>, cutlass::layout::RowMajorInterleaved<int=2>, cutlass::gemm::GemmShape<int=4, int=4, int=1>>, int=1, bool>, cutlass::MatrixShape<int=4, int=0>, cutlass::MatrixShape<int=0, int=0>, int=1>, cutlass::NumericArrayConverter<float, float, int=4, cutlass::FloatRoundStyle>, cutlass::NumericArrayConverter<float, float, int=4, cutlass::FloatRoundStyle>, bool>, cutlass::epilogue::threadblock::Epilogue<cutlass::gemm::GemmShape<int=128, int=128, int=8>, cutlass::gemm::warp::MmaSimt<cutlass::gemm::GemmShape<int=32, int=64, int=8>, float, cutlass::layout::ColumnMajor, float, cutlass::layout::RowMajor, float, cutlass::layout::RowMajor, cutlass::gemm::warp::MmaSimtPolicy<cutlass::MatrixShape<int=4, int=8>, cutlass::layout::RowMajorInterleaved<int=2>, cutlass::gemm::GemmShape<int=4, int=4, int=1>>, int=1, bool>, int=1, cutlass::epilogue::threadblock::PredicatedTileIterator<cutlass::epilogue::threadblock::OutputTileOptimalThreadMap<cutlass::epilogue::threadblock::OutputTileShape<int=128, int=1, int=4, int=4, int=1>, cutlass::epilogue::threadblock::OutputTileShape<int=1, int=4, int=2, int=1, int=8>, int=256, int=1, int=32>, float>, cutlass::epilogue::warp::FragmentIteratorSimt<cutlass::gemm::GemmShape<int=32, int=64, int=8>, cutlass::gemm::thread::Mma<cutlass::gemm::GemmShape<int=8, int=8, int=1>, float, cutlass::layout::ColumnMajor, float, cutlass::layout::RowMajor, float, cutlass::layout::RowMajor, cutlass::arch::OpMultiplyAdd, bool>, cutlass::layout::RowMajor, cutlass::gemm::warp::MmaSimtPolicy<cutlass::MatrixShape<int=4, int=8>, cutlass::layout::RowMajorInterleaved<int=2>, cutlass::gemm::GemmShape<int=4, int=4, int=1>>>, cutlass::epilogue::warp::TileIteratorSimt<cutlass::gemm::GemmShape<int=32, int=64, int=8>, cutlass::gemm::thread::Mma<cutlass::gemm::GemmShape<int=8, int=8, int=1>, float, cutlass::layout::ColumnMajor, float, cutlass::layout::RowMajor, float, cutlass::layout::RowMajor, cutlass::arch::OpMultiplyAdd, bool>, float, cutlass::layout::RowMajor, cutlass::gemm::warp::MmaSimtPolicy<cutlass::MatrixShape<int=4, int=8>, cutlass::layout::RowMajorInterleaved<int=2>, cutlass::gemm::GemmShape<int=4, int=4, int=1>>>, cutlass::epilogue::threadblock::SharedLoadIterator<cutlass::epilogue::threadblock::OutputTileOptimalThreadMap<cutlass::epilogue::threadblock::OutputTileShape<int=128, int=1, int=4, int=4, int=1>::CompactedThreadMap, cutlass::epilogue::threadblock::OutputTileShape<int=1, int=4, int=2, int=1, int=8>, int=256, int=1, int=32>, float, int=4>, cutlass::epilogue::thread::LinearCombination<float",28293
22.064711,0.001440,,,,,,,,,,112,74.174668,"Pageable","Device","Tesla V100-PCIE-32GB (0)","1","7","[CUDA memcpy HtoD]",28313
22.065388,0.020415,2048,1,1,384,1,1,16,0.000000,0.000000,,,,,"Tesla V100-PCIE-32GB (0)","1","7","void scal_kernel_val<double, double>(cublasScalParamsVal<double, double>)",28427
22.065820,39.084108,6,3528,1,256,1,1,124,0.000000,16.250000,,,,,"Tesla V100-PCIE-32GB (0)","1","7","void cutlass::Kernel<cutlass::gemm::kernel::Gemm<cutlass::gemm::threadblock::MmaPipelined<cutlass::gemm::GemmShape<int=128, int=128, int=8>, cutlass::transform::threadblock::PredicatedTileIterator<cutlass::MatrixShape<int=128, int=8>, float, cutlass::layout::RowMajor, int=1, cutlass::transform::PitchLinearStripminedThreadMap<cutlass::layout::PitchLinearShape<int=8, int=128>, int=256, int=1>, int=1>, cutlass::transform::threadblock::RegularTileIterator<cutlass::MatrixShape<int=128, int=8>, float, cutlass::layout::ColumnMajor, int=1, cutlass::transform::TransposePitchLinearThreadMapSimt<cutlass::transform::PitchLinearStripminedThreadMap<cutlass::layout::PitchLinearShape<int=8, int=128>, int=256, int=1>>, int=4>, cutlass::transform::threadblock::PredicatedTileIterator<cutlass::MatrixShape<int=8, int=128>, float, cutlass::layout::RowMajor, int=0, cutlass::transform::PitchLinearStripminedThreadMap<cutlass::layout::PitchLinearShape<int=128, int=8>, int=256, int=1>, int=1>, cutlass::transform::threadblock::RegularTileIterator<cutlass::MatrixShape<int=8, int=128>, float, cutlass::layout::RowMajor, int=0, cutlass::transform::PitchLinearStripminedThreadMap<cutlass::layout::PitchLinearShape<int=128, int=8>, int=256, int=1>, int=4>, float, cutlass::layout::RowMajor, cutlass::gemm::threadblock::MmaPolicy<cutlass::gemm::warp::MmaSimt<cutlass::gemm::GemmShape<int=32, int=64, int=8>, float, cutlass::layout::ColumnMajor, float, cutlass::layout::RowMajor, float, cutlass::layout::RowMajor, cutlass::gemm::warp::MmaSimtPolicy<cutlass::MatrixShape<int=4, int=8>, cutlass::layout::RowMajorInterleaved<int=2>, cutlass::gemm::GemmShape<int=4, int=4, int=1>>, int=1, bool>, cutlass::MatrixShape<int=4, int=0>, cutlass::MatrixShape<int=0, int=0>, int=1>, cutlass::NumericArrayConverter<float, float, int=4, cutlass::FloatRoundStyle>, cutlass::NumericArrayConverter<float, float, int=4, cutlass::FloatRoundStyle>, bool>, cutlass::epilogue::threadblock::Epilogue<cutlass::gemm::GemmShape<int=128, int=128, int=8>, cutlass::gemm::warp::MmaSimt<cutlass::gemm::GemmShape<int=32, int=64, int=8>, float, cutlass::layout::ColumnMajor, float, cutlass::layout::RowMajor, float, cutlass::layout::RowMajor, cutlass::gemm::warp::MmaSimtPolicy<cutlass::MatrixShape<int=4, int=8>, cutlass::layout::RowMajorInterleaved<int=2>, cutlass::gemm::GemmShape<int=4, int=4, int=1>>, int=1, bool>, int=1, cutlass::epilogue::threadblock::PredicatedTileIterator<cutlass::epilogue::threadblock::OutputTileOptimalThreadMap<cutlass::epilogue::threadblock::OutputTileShape<int=128, int=1, int=4, int=4, int=1>, cutlass::epilogue::threadblock::OutputTileShape<int=1, int=4, int=2, int=1, int=8>, int=256, int=1, int=32>, float>, cutlass::epilogue::warp::FragmentIteratorSimt<cutlass::gemm::GemmShape<int=32, int=64, int=8>, cutlass::gemm::thread::Mma<cutlass::gemm::GemmShape<int=8, int=8, int=1>, float, cutlass::layout::ColumnMajor, float, cutlass::layout::RowMajor, float, cutlass::layout::RowMajor, cutlass::arch::OpMultiplyAdd, bool>, cutlass::layout::RowMajor, cutlass::gemm::warp::MmaSimtPolicy<cutlass::MatrixShape<int=4, int=8>, cutlass::layout::RowMajorInterleaved<int=2>, cutlass::gemm::GemmShape<int=4, int=4, int=1>>>, cutlass::epilogue::warp::TileIteratorSimt<cutlass::gemm::GemmShape<int=32, int=64, int=8>, cutlass::gemm::thread::Mma<cutlass::gemm::GemmShape<int=8, int=8, int=1>, float, cutlass::layout::ColumnMajor, float, cutlass::layout::RowMajor, float, cutlass::layout::RowMajor, cutlass::arch::OpMultiplyAdd, bool>, float, cutlass::layout::RowMajor, cutlass::gemm::warp::MmaSimtPolicy<cutlass::MatrixShape<int=4, int=8>, cutlass::layout::RowMajorInterleaved<int=2>, cutlass::gemm::GemmShape<int=4, int=4, int=1>>>, cutlass::epilogue::threadblock::SharedLoadIterator<cutlass::epilogue::threadblock::OutputTileOptimalThreadMap<cutlass::epilogue::threadblock::OutputTileShape<int=128, int=1, int=4, int=4, int=1>::CompactedThreadMap, cutlass::epilogue::threadblock::OutputTileShape<int=1, int=4, int=2, int=1, int=8>, int=256, int=1, int=32>, float, int=4>, cutlass::epilogue::thread::LinearCombination<float",28456
22.104912,0.001472,,,,,,,,,,112,72.562176,"Pageable","Device","Tesla V100-PCIE-32GB (0)","1","7","[CUDA memcpy HtoD]",28476
22.105583,0.021120,2048,1,1,384,1,1,16,0.000000,0.000000,,,,,"Tesla V100-PCIE-32GB (0)","1","7","void scal_kernel_val<double, double>(cublasScalParamsVal<double, double>)",28590
22.106014,39.082477,6,3528,1,256,1,1,124,0.000000,16.250000,,,,,"Tesla V100-PCIE-32GB (0)","1","7","void cutlass::Kernel<cutlass::gemm::kernel::Gemm<cutlass::gemm::threadblock::MmaPipelined<cutlass::gemm::GemmShape<int=128, int=128, int=8>, cutlass::transform::threadblock::PredicatedTileIterator<cutlass::MatrixShape<int=128, int=8>, float, cutlass::layout::RowMajor, int=1, cutlass::transform::PitchLinearStripminedThreadMap<cutlass::layout::PitchLinearShape<int=8, int=128>, int=256, int=1>, int=1>, cutlass::transform::threadblock::RegularTileIterator<cutlass::MatrixShape<int=128, int=8>, float, cutlass::layout::ColumnMajor, int=1, cutlass::transform::TransposePitchLinearThreadMapSimt<cutlass::transform::PitchLinearStripminedThreadMap<cutlass::layout::PitchLinearShape<int=8, int=128>, int=256, int=1>>, int=4>, cutlass::transform::threadblock::PredicatedTileIterator<cutlass::MatrixShape<int=8, int=128>, float, cutlass::layout::RowMajor, int=0, cutlass::transform::PitchLinearStripminedThreadMap<cutlass::layout::PitchLinearShape<int=128, int=8>, int=256, int=1>, int=1>, cutlass::transform::threadblock::RegularTileIterator<cutlass::MatrixShape<int=8, int=128>, float, cutlass::layout::RowMajor, int=0, cutlass::transform::PitchLinearStripminedThreadMap<cutlass::layout::PitchLinearShape<int=128, int=8>, int=256, int=1>, int=4>, float, cutlass::layout::RowMajor, cutlass::gemm::threadblock::MmaPolicy<cutlass::gemm::warp::MmaSimt<cutlass::gemm::GemmShape<int=32, int=64, int=8>, float, cutlass::layout::ColumnMajor, float, cutlass::layout::RowMajor, float, cutlass::layout::RowMajor, cutlass::gemm::warp::MmaSimtPolicy<cutlass::MatrixShape<int=4, int=8>, cutlass::layout::RowMajorInterleaved<int=2>, cutlass::gemm::GemmShape<int=4, int=4, int=1>>, int=1, bool>, cutlass::MatrixShape<int=4, int=0>, cutlass::MatrixShape<int=0, int=0>, int=1>, cutlass::NumericArrayConverter<float, float, int=4, cutlass::FloatRoundStyle>, cutlass::NumericArrayConverter<float, float, int=4, cutlass::FloatRoundStyle>, bool>, cutlass::epilogue::threadblock::Epilogue<cutlass::gemm::GemmShape<int=128, int=128, int=8>, cutlass::gemm::warp::MmaSimt<cutlass::gemm::GemmShape<int=32, int=64, int=8>, float, cutlass::layout::ColumnMajor, float, cutlass::layout::RowMajor, float, cutlass::layout::RowMajor, cutlass::gemm::warp::MmaSimtPolicy<cutlass::MatrixShape<int=4, int=8>, cutlass::layout::RowMajorInterleaved<int=2>, cutlass::gemm::GemmShape<int=4, int=4, int=1>>, int=1, bool>, int=1, cutlass::epilogue::threadblock::PredicatedTileIterator<cutlass::epilogue::threadblock::OutputTileOptimalThreadMap<cutlass::epilogue::threadblock::OutputTileShape<int=128, int=1, int=4, int=4, int=1>, cutlass::epilogue::threadblock::OutputTileShape<int=1, int=4, int=2, int=1, int=8>, int=256, int=1, int=32>, float>, cutlass::epilogue::warp::FragmentIteratorSimt<cutlass::gemm::GemmShape<int=32, int=64, int=8>, cutlass::gemm::thread::Mma<cutlass::gemm::GemmShape<int=8, int=8, int=1>, float, cutlass::layout::ColumnMajor, float, cutlass::layout::RowMajor, float, cutlass::layout::RowMajor, cutlass::arch::OpMultiplyAdd, bool>, cutlass::layout::RowMajor, cutlass::gemm::warp::MmaSimtPolicy<cutlass::MatrixShape<int=4, int=8>, cutlass::layout::RowMajorInterleaved<int=2>, cutlass::gemm::GemmShape<int=4, int=4, int=1>>>, cutlass::epilogue::warp::TileIteratorSimt<cutlass::gemm::GemmShape<int=32, int=64, int=8>, cutlass::gemm::thread::Mma<cutlass::gemm::GemmShape<int=8, int=8, int=1>, float, cutlass::layout::ColumnMajor, float, cutlass::layout::RowMajor, float, cutlass::layout::RowMajor, cutlass::arch::OpMultiplyAdd, bool>, float, cutlass::layout::RowMajor, cutlass::gemm::warp::MmaSimtPolicy<cutlass::MatrixShape<int=4, int=8>, cutlass::layout::RowMajorInterleaved<int=2>, cutlass::gemm::GemmShape<int=4, int=4, int=1>>>, cutlass::epilogue::threadblock::SharedLoadIterator<cutlass::epilogue::threadblock::OutputTileOptimalThreadMap<cutlass::epilogue::threadblock::OutputTileShape<int=128, int=1, int=4, int=4, int=1>::CompactedThreadMap, cutlass::epilogue::threadblock::OutputTileShape<int=1, int=4, int=2, int=1, int=8>, int=256, int=1, int=32>, float, int=4>, cutlass::epilogue::thread::LinearCombination<float",28619
22.145105,0.001472,,,,,,,,,,112,72.562176,"Pageable","Device","Tesla V100-PCIE-32GB (0)","1","7","[CUDA memcpy HtoD]",28639
22.145776,0.020128,2048,1,1,384,1,1,16,0.000000,0.000000,,,,,"Tesla V100-PCIE-32GB (0)","1","7","void scal_kernel_val<double, double>(cublasScalParamsVal<double, double>)",28753
22.146206,39.077709,6,3528,1,256,1,1,124,0.000000,16.250000,,,,,"Tesla V100-PCIE-32GB (0)","1","7","void cutlass::Kernel<cutlass::gemm::kernel::Gemm<cutlass::gemm::threadblock::MmaPipelined<cutlass::gemm::GemmShape<int=128, int=128, int=8>, cutlass::transform::threadblock::PredicatedTileIterator<cutlass::MatrixShape<int=128, int=8>, float, cutlass::layout::RowMajor, int=1, cutlass::transform::PitchLinearStripminedThreadMap<cutlass::layout::PitchLinearShape<int=8, int=128>, int=256, int=1>, int=1>, cutlass::transform::threadblock::RegularTileIterator<cutlass::MatrixShape<int=128, int=8>, float, cutlass::layout::ColumnMajor, int=1, cutlass::transform::TransposePitchLinearThreadMapSimt<cutlass::transform::PitchLinearStripminedThreadMap<cutlass::layout::PitchLinearShape<int=8, int=128>, int=256, int=1>>, int=4>, cutlass::transform::threadblock::PredicatedTileIterator<cutlass::MatrixShape<int=8, int=128>, float, cutlass::layout::RowMajor, int=0, cutlass::transform::PitchLinearStripminedThreadMap<cutlass::layout::PitchLinearShape<int=128, int=8>, int=256, int=1>, int=1>, cutlass::transform::threadblock::RegularTileIterator<cutlass::MatrixShape<int=8, int=128>, float, cutlass::layout::RowMajor, int=0, cutlass::transform::PitchLinearStripminedThreadMap<cutlass::layout::PitchLinearShape<int=128, int=8>, int=256, int=1>, int=4>, float, cutlass::layout::RowMajor, cutlass::gemm::threadblock::MmaPolicy<cutlass::gemm::warp::MmaSimt<cutlass::gemm::GemmShape<int=32, int=64, int=8>, float, cutlass::layout::ColumnMajor, float, cutlass::layout::RowMajor, float, cutlass::layout::RowMajor, cutlass::gemm::warp::MmaSimtPolicy<cutlass::MatrixShape<int=4, int=8>, cutlass::layout::RowMajorInterleaved<int=2>, cutlass::gemm::GemmShape<int=4, int=4, int=1>>, int=1, bool>, cutlass::MatrixShape<int=4, int=0>, cutlass::MatrixShape<int=0, int=0>, int=1>, cutlass::NumericArrayConverter<float, float, int=4, cutlass::FloatRoundStyle>, cutlass::NumericArrayConverter<float, float, int=4, cutlass::FloatRoundStyle>, bool>, cutlass::epilogue::threadblock::Epilogue<cutlass::gemm::GemmShape<int=128, int=128, int=8>, cutlass::gemm::warp::MmaSimt<cutlass::gemm::GemmShape<int=32, int=64, int=8>, float, cutlass::layout::ColumnMajor, float, cutlass::layout::RowMajor, float, cutlass::layout::RowMajor, cutlass::gemm::warp::MmaSimtPolicy<cutlass::MatrixShape<int=4, int=8>, cutlass::layout::RowMajorInterleaved<int=2>, cutlass::gemm::GemmShape<int=4, int=4, int=1>>, int=1, bool>, int=1, cutlass::epilogue::threadblock::PredicatedTileIterator<cutlass::epilogue::threadblock::OutputTileOptimalThreadMap<cutlass::epilogue::threadblock::OutputTileShape<int=128, int=1, int=4, int=4, int=1>, cutlass::epilogue::threadblock::OutputTileShape<int=1, int=4, int=2, int=1, int=8>, int=256, int=1, int=32>, float>, cutlass::epilogue::warp::FragmentIteratorSimt<cutlass::gemm::GemmShape<int=32, int=64, int=8>, cutlass::gemm::thread::Mma<cutlass::gemm::GemmShape<int=8, int=8, int=1>, float, cutlass::layout::ColumnMajor, float, cutlass::layout::RowMajor, float, cutlass::layout::RowMajor, cutlass::arch::OpMultiplyAdd, bool>, cutlass::layout::RowMajor, cutlass::gemm::warp::MmaSimtPolicy<cutlass::MatrixShape<int=4, int=8>, cutlass::layout::RowMajorInterleaved<int=2>, cutlass::gemm::GemmShape<int=4, int=4, int=1>>>, cutlass::epilogue::warp::TileIteratorSimt<cutlass::gemm::GemmShape<int=32, int=64, int=8>, cutlass::gemm::thread::Mma<cutlass::gemm::GemmShape<int=8, int=8, int=1>, float, cutlass::layout::ColumnMajor, float, cutlass::layout::RowMajor, float, cutlass::layout::RowMajor, cutlass::arch::OpMultiplyAdd, bool>, float, cutlass::layout::RowMajor, cutlass::gemm::warp::MmaSimtPolicy<cutlass::MatrixShape<int=4, int=8>, cutlass::layout::RowMajorInterleaved<int=2>, cutlass::gemm::GemmShape<int=4, int=4, int=1>>>, cutlass::epilogue::threadblock::SharedLoadIterator<cutlass::epilogue::threadblock::OutputTileOptimalThreadMap<cutlass::epilogue::threadblock::OutputTileShape<int=128, int=1, int=4, int=4, int=1>::CompactedThreadMap, cutlass::epilogue::threadblock::OutputTileShape<int=1, int=4, int=2, int=1, int=8>, int=256, int=1, int=32>, float, int=4>, cutlass::epilogue::thread::LinearCombination<float",28782
22.185292,0.001472,,,,,,,,,,112,72.562176,"Pageable","Device","Tesla V100-PCIE-32GB (0)","1","7","[CUDA memcpy HtoD]",28802
22.185958,0.020831,2048,1,1,384,1,1,16,0.000000,0.000000,,,,,"Tesla V100-PCIE-32GB (0)","1","7","void scal_kernel_val<double, double>(cublasScalParamsVal<double, double>)",28916
22.186397,39.080717,6,3528,1,256,1,1,124,0.000000,16.250000,,,,,"Tesla V100-PCIE-32GB (0)","1","7","void cutlass::Kernel<cutlass::gemm::kernel::Gemm<cutlass::gemm::threadblock::MmaPipelined<cutlass::gemm::GemmShape<int=128, int=128, int=8>, cutlass::transform::threadblock::PredicatedTileIterator<cutlass::MatrixShape<int=128, int=8>, float, cutlass::layout::RowMajor, int=1, cutlass::transform::PitchLinearStripminedThreadMap<cutlass::layout::PitchLinearShape<int=8, int=128>, int=256, int=1>, int=1>, cutlass::transform::threadblock::RegularTileIterator<cutlass::MatrixShape<int=128, int=8>, float, cutlass::layout::ColumnMajor, int=1, cutlass::transform::TransposePitchLinearThreadMapSimt<cutlass::transform::PitchLinearStripminedThreadMap<cutlass::layout::PitchLinearShape<int=8, int=128>, int=256, int=1>>, int=4>, cutlass::transform::threadblock::PredicatedTileIterator<cutlass::MatrixShape<int=8, int=128>, float, cutlass::layout::RowMajor, int=0, cutlass::transform::PitchLinearStripminedThreadMap<cutlass::layout::PitchLinearShape<int=128, int=8>, int=256, int=1>, int=1>, cutlass::transform::threadblock::RegularTileIterator<cutlass::MatrixShape<int=8, int=128>, float, cutlass::layout::RowMajor, int=0, cutlass::transform::PitchLinearStripminedThreadMap<cutlass::layout::PitchLinearShape<int=128, int=8>, int=256, int=1>, int=4>, float, cutlass::layout::RowMajor, cutlass::gemm::threadblock::MmaPolicy<cutlass::gemm::warp::MmaSimt<cutlass::gemm::GemmShape<int=32, int=64, int=8>, float, cutlass::layout::ColumnMajor, float, cutlass::layout::RowMajor, float, cutlass::layout::RowMajor, cutlass::gemm::warp::MmaSimtPolicy<cutlass::MatrixShape<int=4, int=8>, cutlass::layout::RowMajorInterleaved<int=2>, cutlass::gemm::GemmShape<int=4, int=4, int=1>>, int=1, bool>, cutlass::MatrixShape<int=4, int=0>, cutlass::MatrixShape<int=0, int=0>, int=1>, cutlass::NumericArrayConverter<float, float, int=4, cutlass::FloatRoundStyle>, cutlass::NumericArrayConverter<float, float, int=4, cutlass::FloatRoundStyle>, bool>, cutlass::epilogue::threadblock::Epilogue<cutlass::gemm::GemmShape<int=128, int=128, int=8>, cutlass::gemm::warp::MmaSimt<cutlass::gemm::GemmShape<int=32, int=64, int=8>, float, cutlass::layout::ColumnMajor, float, cutlass::layout::RowMajor, float, cutlass::layout::RowMajor, cutlass::gemm::warp::MmaSimtPolicy<cutlass::MatrixShape<int=4, int=8>, cutlass::layout::RowMajorInterleaved<int=2>, cutlass::gemm::GemmShape<int=4, int=4, int=1>>, int=1, bool>, int=1, cutlass::epilogue::threadblock::PredicatedTileIterator<cutlass::epilogue::threadblock::OutputTileOptimalThreadMap<cutlass::epilogue::threadblock::OutputTileShape<int=128, int=1, int=4, int=4, int=1>, cutlass::epilogue::threadblock::OutputTileShape<int=1, int=4, int=2, int=1, int=8>, int=256, int=1, int=32>, float>, cutlass::epilogue::warp::FragmentIteratorSimt<cutlass::gemm::GemmShape<int=32, int=64, int=8>, cutlass::gemm::thread::Mma<cutlass::gemm::GemmShape<int=8, int=8, int=1>, float, cutlass::layout::ColumnMajor, float, cutlass::layout::RowMajor, float, cutlass::layout::RowMajor, cutlass::arch::OpMultiplyAdd, bool>, cutlass::layout::RowMajor, cutlass::gemm::warp::MmaSimtPolicy<cutlass::MatrixShape<int=4, int=8>, cutlass::layout::RowMajorInterleaved<int=2>, cutlass::gemm::GemmShape<int=4, int=4, int=1>>>, cutlass::epilogue::warp::TileIteratorSimt<cutlass::gemm::GemmShape<int=32, int=64, int=8>, cutlass::gemm::thread::Mma<cutlass::gemm::GemmShape<int=8, int=8, int=1>, float, cutlass::layout::ColumnMajor, float, cutlass::layout::RowMajor, float, cutlass::layout::RowMajor, cutlass::arch::OpMultiplyAdd, bool>, float, cutlass::layout::RowMajor, cutlass::gemm::warp::MmaSimtPolicy<cutlass::MatrixShape<int=4, int=8>, cutlass::layout::RowMajorInterleaved<int=2>, cutlass::gemm::GemmShape<int=4, int=4, int=1>>>, cutlass::epilogue::threadblock::SharedLoadIterator<cutlass::epilogue::threadblock::OutputTileOptimalThreadMap<cutlass::epilogue::threadblock::OutputTileShape<int=128, int=1, int=4, int=4, int=1>::CompactedThreadMap, cutlass::epilogue::threadblock::OutputTileShape<int=1, int=4, int=2, int=1, int=8>, int=256, int=1, int=32>, float, int=4>, cutlass::epilogue::thread::LinearCombination<float",28945
22.225487,0.001472,,,,,,,,,,112,72.562176,"Pageable","Device","Tesla V100-PCIE-32GB (0)","1","7","[CUDA memcpy HtoD]",28965
22.226150,0.020096,2048,1,1,384,1,1,16,0.000000,0.000000,,,,,"Tesla V100-PCIE-32GB (0)","1","7","void scal_kernel_val<double, double>(cublasScalParamsVal<double, double>)",29079
22.226589,39.084300,6,3528,1,256,1,1,124,0.000000,16.250000,,,,,"Tesla V100-PCIE-32GB (0)","1","7","void cutlass::Kernel<cutlass::gemm::kernel::Gemm<cutlass::gemm::threadblock::MmaPipelined<cutlass::gemm::GemmShape<int=128, int=128, int=8>, cutlass::transform::threadblock::PredicatedTileIterator<cutlass::MatrixShape<int=128, int=8>, float, cutlass::layout::RowMajor, int=1, cutlass::transform::PitchLinearStripminedThreadMap<cutlass::layout::PitchLinearShape<int=8, int=128>, int=256, int=1>, int=1>, cutlass::transform::threadblock::RegularTileIterator<cutlass::MatrixShape<int=128, int=8>, float, cutlass::layout::ColumnMajor, int=1, cutlass::transform::TransposePitchLinearThreadMapSimt<cutlass::transform::PitchLinearStripminedThreadMap<cutlass::layout::PitchLinearShape<int=8, int=128>, int=256, int=1>>, int=4>, cutlass::transform::threadblock::PredicatedTileIterator<cutlass::MatrixShape<int=8, int=128>, float, cutlass::layout::RowMajor, int=0, cutlass::transform::PitchLinearStripminedThreadMap<cutlass::layout::PitchLinearShape<int=128, int=8>, int=256, int=1>, int=1>, cutlass::transform::threadblock::RegularTileIterator<cutlass::MatrixShape<int=8, int=128>, float, cutlass::layout::RowMajor, int=0, cutlass::transform::PitchLinearStripminedThreadMap<cutlass::layout::PitchLinearShape<int=128, int=8>, int=256, int=1>, int=4>, float, cutlass::layout::RowMajor, cutlass::gemm::threadblock::MmaPolicy<cutlass::gemm::warp::MmaSimt<cutlass::gemm::GemmShape<int=32, int=64, int=8>, float, cutlass::layout::ColumnMajor, float, cutlass::layout::RowMajor, float, cutlass::layout::RowMajor, cutlass::gemm::warp::MmaSimtPolicy<cutlass::MatrixShape<int=4, int=8>, cutlass::layout::RowMajorInterleaved<int=2>, cutlass::gemm::GemmShape<int=4, int=4, int=1>>, int=1, bool>, cutlass::MatrixShape<int=4, int=0>, cutlass::MatrixShape<int=0, int=0>, int=1>, cutlass::NumericArrayConverter<float, float, int=4, cutlass::FloatRoundStyle>, cutlass::NumericArrayConverter<float, float, int=4, cutlass::FloatRoundStyle>, bool>, cutlass::epilogue::threadblock::Epilogue<cutlass::gemm::GemmShape<int=128, int=128, int=8>, cutlass::gemm::warp::MmaSimt<cutlass::gemm::GemmShape<int=32, int=64, int=8>, float, cutlass::layout::ColumnMajor, float, cutlass::layout::RowMajor, float, cutlass::layout::RowMajor, cutlass::gemm::warp::MmaSimtPolicy<cutlass::MatrixShape<int=4, int=8>, cutlass::layout::RowMajorInterleaved<int=2>, cutlass::gemm::GemmShape<int=4, int=4, int=1>>, int=1, bool>, int=1, cutlass::epilogue::threadblock::PredicatedTileIterator<cutlass::epilogue::threadblock::OutputTileOptimalThreadMap<cutlass::epilogue::threadblock::OutputTileShape<int=128, int=1, int=4, int=4, int=1>, cutlass::epilogue::threadblock::OutputTileShape<int=1, int=4, int=2, int=1, int=8>, int=256, int=1, int=32>, float>, cutlass::epilogue::warp::FragmentIteratorSimt<cutlass::gemm::GemmShape<int=32, int=64, int=8>, cutlass::gemm::thread::Mma<cutlass::gemm::GemmShape<int=8, int=8, int=1>, float, cutlass::layout::ColumnMajor, float, cutlass::layout::RowMajor, float, cutlass::layout::RowMajor, cutlass::arch::OpMultiplyAdd, bool>, cutlass::layout::RowMajor, cutlass::gemm::warp::MmaSimtPolicy<cutlass::MatrixShape<int=4, int=8>, cutlass::layout::RowMajorInterleaved<int=2>, cutlass::gemm::GemmShape<int=4, int=4, int=1>>>, cutlass::epilogue::warp::TileIteratorSimt<cutlass::gemm::GemmShape<int=32, int=64, int=8>, cutlass::gemm::thread::Mma<cutlass::gemm::GemmShape<int=8, int=8, int=1>, float, cutlass::layout::ColumnMajor, float, cutlass::layout::RowMajor, float, cutlass::layout::RowMajor, cutlass::arch::OpMultiplyAdd, bool>, float, cutlass::layout::RowMajor, cutlass::gemm::warp::MmaSimtPolicy<cutlass::MatrixShape<int=4, int=8>, cutlass::layout::RowMajorInterleaved<int=2>, cutlass::gemm::GemmShape<int=4, int=4, int=1>>>, cutlass::epilogue::threadblock::SharedLoadIterator<cutlass::epilogue::threadblock::OutputTileOptimalThreadMap<cutlass::epilogue::threadblock::OutputTileShape<int=128, int=1, int=4, int=4, int=1>::CompactedThreadMap, cutlass::epilogue::threadblock::OutputTileShape<int=1, int=4, int=2, int=1, int=8>, int=256, int=1, int=32>, float, int=4>, cutlass::epilogue::thread::LinearCombination<float",29108
22.265682,0.001472,,,,,,,,,,112,72.562176,"Pageable","Device","Tesla V100-PCIE-32GB (0)","1","7","[CUDA memcpy HtoD]",29128
22.266349,0.020352,2048,1,1,384,1,1,16,0.000000,0.000000,,,,,"Tesla V100-PCIE-32GB (0)","1","7","void scal_kernel_val<double, double>(cublasScalParamsVal<double, double>)",29242
22.266779,39.084429,6,3528,1,256,1,1,124,0.000000,16.250000,,,,,"Tesla V100-PCIE-32GB (0)","1","7","void cutlass::Kernel<cutlass::gemm::kernel::Gemm<cutlass::gemm::threadblock::MmaPipelined<cutlass::gemm::GemmShape<int=128, int=128, int=8>, cutlass::transform::threadblock::PredicatedTileIterator<cutlass::MatrixShape<int=128, int=8>, float, cutlass::layout::RowMajor, int=1, cutlass::transform::PitchLinearStripminedThreadMap<cutlass::layout::PitchLinearShape<int=8, int=128>, int=256, int=1>, int=1>, cutlass::transform::threadblock::RegularTileIterator<cutlass::MatrixShape<int=128, int=8>, float, cutlass::layout::ColumnMajor, int=1, cutlass::transform::TransposePitchLinearThreadMapSimt<cutlass::transform::PitchLinearStripminedThreadMap<cutlass::layout::PitchLinearShape<int=8, int=128>, int=256, int=1>>, int=4>, cutlass::transform::threadblock::PredicatedTileIterator<cutlass::MatrixShape<int=8, int=128>, float, cutlass::layout::RowMajor, int=0, cutlass::transform::PitchLinearStripminedThreadMap<cutlass::layout::PitchLinearShape<int=128, int=8>, int=256, int=1>, int=1>, cutlass::transform::threadblock::RegularTileIterator<cutlass::MatrixShape<int=8, int=128>, float, cutlass::layout::RowMajor, int=0, cutlass::transform::PitchLinearStripminedThreadMap<cutlass::layout::PitchLinearShape<int=128, int=8>, int=256, int=1>, int=4>, float, cutlass::layout::RowMajor, cutlass::gemm::threadblock::MmaPolicy<cutlass::gemm::warp::MmaSimt<cutlass::gemm::GemmShape<int=32, int=64, int=8>, float, cutlass::layout::ColumnMajor, float, cutlass::layout::RowMajor, float, cutlass::layout::RowMajor, cutlass::gemm::warp::MmaSimtPolicy<cutlass::MatrixShape<int=4, int=8>, cutlass::layout::RowMajorInterleaved<int=2>, cutlass::gemm::GemmShape<int=4, int=4, int=1>>, int=1, bool>, cutlass::MatrixShape<int=4, int=0>, cutlass::MatrixShape<int=0, int=0>, int=1>, cutlass::NumericArrayConverter<float, float, int=4, cutlass::FloatRoundStyle>, cutlass::NumericArrayConverter<float, float, int=4, cutlass::FloatRoundStyle>, bool>, cutlass::epilogue::threadblock::Epilogue<cutlass::gemm::GemmShape<int=128, int=128, int=8>, cutlass::gemm::warp::MmaSimt<cutlass::gemm::GemmShape<int=32, int=64, int=8>, float, cutlass::layout::ColumnMajor, float, cutlass::layout::RowMajor, float, cutlass::layout::RowMajor, cutlass::gemm::warp::MmaSimtPolicy<cutlass::MatrixShape<int=4, int=8>, cutlass::layout::RowMajorInterleaved<int=2>, cutlass::gemm::GemmShape<int=4, int=4, int=1>>, int=1, bool>, int=1, cutlass::epilogue::threadblock::PredicatedTileIterator<cutlass::epilogue::threadblock::OutputTileOptimalThreadMap<cutlass::epilogue::threadblock::OutputTileShape<int=128, int=1, int=4, int=4, int=1>, cutlass::epilogue::threadblock::OutputTileShape<int=1, int=4, int=2, int=1, int=8>, int=256, int=1, int=32>, float>, cutlass::epilogue::warp::FragmentIteratorSimt<cutlass::gemm::GemmShape<int=32, int=64, int=8>, cutlass::gemm::thread::Mma<cutlass::gemm::GemmShape<int=8, int=8, int=1>, float, cutlass::layout::ColumnMajor, float, cutlass::layout::RowMajor, float, cutlass::layout::RowMajor, cutlass::arch::OpMultiplyAdd, bool>, cutlass::layout::RowMajor, cutlass::gemm::warp::MmaSimtPolicy<cutlass::MatrixShape<int=4, int=8>, cutlass::layout::RowMajorInterleaved<int=2>, cutlass::gemm::GemmShape<int=4, int=4, int=1>>>, cutlass::epilogue::warp::TileIteratorSimt<cutlass::gemm::GemmShape<int=32, int=64, int=8>, cutlass::gemm::thread::Mma<cutlass::gemm::GemmShape<int=8, int=8, int=1>, float, cutlass::layout::ColumnMajor, float, cutlass::layout::RowMajor, float, cutlass::layout::RowMajor, cutlass::arch::OpMultiplyAdd, bool>, float, cutlass::layout::RowMajor, cutlass::gemm::warp::MmaSimtPolicy<cutlass::MatrixShape<int=4, int=8>, cutlass::layout::RowMajorInterleaved<int=2>, cutlass::gemm::GemmShape<int=4, int=4, int=1>>>, cutlass::epilogue::threadblock::SharedLoadIterator<cutlass::epilogue::threadblock::OutputTileOptimalThreadMap<cutlass::epilogue::threadblock::OutputTileShape<int=128, int=1, int=4, int=4, int=1>::CompactedThreadMap, cutlass::epilogue::threadblock::OutputTileShape<int=1, int=4, int=2, int=1, int=8>, int=256, int=1, int=32>, float, int=4>, cutlass::epilogue::thread::LinearCombination<float",29271
22.305872,0.001504,,,,,,,,,,112,71.018300,"Pageable","Device","Tesla V100-PCIE-32GB (0)","1","7","[CUDA memcpy HtoD]",29291
22.306551,0.021152,2048,1,1,384,1,1,16,0.000000,0.000000,,,,,"Tesla V100-PCIE-32GB (0)","1","7","void scal_kernel_val<double, double>(cublasScalParamsVal<double, double>)",29405
22.306984,39.079245,6,3528,1,256,1,1,124,0.000000,16.250000,,,,,"Tesla V100-PCIE-32GB (0)","1","7","void cutlass::Kernel<cutlass::gemm::kernel::Gemm<cutlass::gemm::threadblock::MmaPipelined<cutlass::gemm::GemmShape<int=128, int=128, int=8>, cutlass::transform::threadblock::PredicatedTileIterator<cutlass::MatrixShape<int=128, int=8>, float, cutlass::layout::RowMajor, int=1, cutlass::transform::PitchLinearStripminedThreadMap<cutlass::layout::PitchLinearShape<int=8, int=128>, int=256, int=1>, int=1>, cutlass::transform::threadblock::RegularTileIterator<cutlass::MatrixShape<int=128, int=8>, float, cutlass::layout::ColumnMajor, int=1, cutlass::transform::TransposePitchLinearThreadMapSimt<cutlass::transform::PitchLinearStripminedThreadMap<cutlass::layout::PitchLinearShape<int=8, int=128>, int=256, int=1>>, int=4>, cutlass::transform::threadblock::PredicatedTileIterator<cutlass::MatrixShape<int=8, int=128>, float, cutlass::layout::RowMajor, int=0, cutlass::transform::PitchLinearStripminedThreadMap<cutlass::layout::PitchLinearShape<int=128, int=8>, int=256, int=1>, int=1>, cutlass::transform::threadblock::RegularTileIterator<cutlass::MatrixShape<int=8, int=128>, float, cutlass::layout::RowMajor, int=0, cutlass::transform::PitchLinearStripminedThreadMap<cutlass::layout::PitchLinearShape<int=128, int=8>, int=256, int=1>, int=4>, float, cutlass::layout::RowMajor, cutlass::gemm::threadblock::MmaPolicy<cutlass::gemm::warp::MmaSimt<cutlass::gemm::GemmShape<int=32, int=64, int=8>, float, cutlass::layout::ColumnMajor, float, cutlass::layout::RowMajor, float, cutlass::layout::RowMajor, cutlass::gemm::warp::MmaSimtPolicy<cutlass::MatrixShape<int=4, int=8>, cutlass::layout::RowMajorInterleaved<int=2>, cutlass::gemm::GemmShape<int=4, int=4, int=1>>, int=1, bool>, cutlass::MatrixShape<int=4, int=0>, cutlass::MatrixShape<int=0, int=0>, int=1>, cutlass::NumericArrayConverter<float, float, int=4, cutlass::FloatRoundStyle>, cutlass::NumericArrayConverter<float, float, int=4, cutlass::FloatRoundStyle>, bool>, cutlass::epilogue::threadblock::Epilogue<cutlass::gemm::GemmShape<int=128, int=128, int=8>, cutlass::gemm::warp::MmaSimt<cutlass::gemm::GemmShape<int=32, int=64, int=8>, float, cutlass::layout::ColumnMajor, float, cutlass::layout::RowMajor, float, cutlass::layout::RowMajor, cutlass::gemm::warp::MmaSimtPolicy<cutlass::MatrixShape<int=4, int=8>, cutlass::layout::RowMajorInterleaved<int=2>, cutlass::gemm::GemmShape<int=4, int=4, int=1>>, int=1, bool>, int=1, cutlass::epilogue::threadblock::PredicatedTileIterator<cutlass::epilogue::threadblock::OutputTileOptimalThreadMap<cutlass::epilogue::threadblock::OutputTileShape<int=128, int=1, int=4, int=4, int=1>, cutlass::epilogue::threadblock::OutputTileShape<int=1, int=4, int=2, int=1, int=8>, int=256, int=1, int=32>, float>, cutlass::epilogue::warp::FragmentIteratorSimt<cutlass::gemm::GemmShape<int=32, int=64, int=8>, cutlass::gemm::thread::Mma<cutlass::gemm::GemmShape<int=8, int=8, int=1>, float, cutlass::layout::ColumnMajor, float, cutlass::layout::RowMajor, float, cutlass::layout::RowMajor, cutlass::arch::OpMultiplyAdd, bool>, cutlass::layout::RowMajor, cutlass::gemm::warp::MmaSimtPolicy<cutlass::MatrixShape<int=4, int=8>, cutlass::layout::RowMajorInterleaved<int=2>, cutlass::gemm::GemmShape<int=4, int=4, int=1>>>, cutlass::epilogue::warp::TileIteratorSimt<cutlass::gemm::GemmShape<int=32, int=64, int=8>, cutlass::gemm::thread::Mma<cutlass::gemm::GemmShape<int=8, int=8, int=1>, float, cutlass::layout::ColumnMajor, float, cutlass::layout::RowMajor, float, cutlass::layout::RowMajor, cutlass::arch::OpMultiplyAdd, bool>, float, cutlass::layout::RowMajor, cutlass::gemm::warp::MmaSimtPolicy<cutlass::MatrixShape<int=4, int=8>, cutlass::layout::RowMajorInterleaved<int=2>, cutlass::gemm::GemmShape<int=4, int=4, int=1>>>, cutlass::epilogue::threadblock::SharedLoadIterator<cutlass::epilogue::threadblock::OutputTileOptimalThreadMap<cutlass::epilogue::threadblock::OutputTileShape<int=128, int=1, int=4, int=4, int=1>::CompactedThreadMap, cutlass::epilogue::threadblock::OutputTileShape<int=1, int=4, int=2, int=1, int=8>, int=256, int=1, int=32>, float, int=4>, cutlass::epilogue::thread::LinearCombination<float",29434
22.346072,0.001472,,,,,,,,,,112,72.562176,"Pageable","Device","Tesla V100-PCIE-32GB (0)","1","7","[CUDA memcpy HtoD]",29454
22.346744,0.020351,2048,1,1,384,1,1,16,0.000000,0.000000,,,,,"Tesla V100-PCIE-32GB (0)","1","7","void scal_kernel_val<double, double>(cublasScalParamsVal<double, double>)",29568
22.347175,39.089293,6,3528,1,256,1,1,124,0.000000,16.250000,,,,,"Tesla V100-PCIE-32GB (0)","1","7","void cutlass::Kernel<cutlass::gemm::kernel::Gemm<cutlass::gemm::threadblock::MmaPipelined<cutlass::gemm::GemmShape<int=128, int=128, int=8>, cutlass::transform::threadblock::PredicatedTileIterator<cutlass::MatrixShape<int=128, int=8>, float, cutlass::layout::RowMajor, int=1, cutlass::transform::PitchLinearStripminedThreadMap<cutlass::layout::PitchLinearShape<int=8, int=128>, int=256, int=1>, int=1>, cutlass::transform::threadblock::RegularTileIterator<cutlass::MatrixShape<int=128, int=8>, float, cutlass::layout::ColumnMajor, int=1, cutlass::transform::TransposePitchLinearThreadMapSimt<cutlass::transform::PitchLinearStripminedThreadMap<cutlass::layout::PitchLinearShape<int=8, int=128>, int=256, int=1>>, int=4>, cutlass::transform::threadblock::PredicatedTileIterator<cutlass::MatrixShape<int=8, int=128>, float, cutlass::layout::RowMajor, int=0, cutlass::transform::PitchLinearStripminedThreadMap<cutlass::layout::PitchLinearShape<int=128, int=8>, int=256, int=1>, int=1>, cutlass::transform::threadblock::RegularTileIterator<cutlass::MatrixShape<int=8, int=128>, float, cutlass::layout::RowMajor, int=0, cutlass::transform::PitchLinearStripminedThreadMap<cutlass::layout::PitchLinearShape<int=128, int=8>, int=256, int=1>, int=4>, float, cutlass::layout::RowMajor, cutlass::gemm::threadblock::MmaPolicy<cutlass::gemm::warp::MmaSimt<cutlass::gemm::GemmShape<int=32, int=64, int=8>, float, cutlass::layout::ColumnMajor, float, cutlass::layout::RowMajor, float, cutlass::layout::RowMajor, cutlass::gemm::warp::MmaSimtPolicy<cutlass::MatrixShape<int=4, int=8>, cutlass::layout::RowMajorInterleaved<int=2>, cutlass::gemm::GemmShape<int=4, int=4, int=1>>, int=1, bool>, cutlass::MatrixShape<int=4, int=0>, cutlass::MatrixShape<int=0, int=0>, int=1>, cutlass::NumericArrayConverter<float, float, int=4, cutlass::FloatRoundStyle>, cutlass::NumericArrayConverter<float, float, int=4, cutlass::FloatRoundStyle>, bool>, cutlass::epilogue::threadblock::Epilogue<cutlass::gemm::GemmShape<int=128, int=128, int=8>, cutlass::gemm::warp::MmaSimt<cutlass::gemm::GemmShape<int=32, int=64, int=8>, float, cutlass::layout::ColumnMajor, float, cutlass::layout::RowMajor, float, cutlass::layout::RowMajor, cutlass::gemm::warp::MmaSimtPolicy<cutlass::MatrixShape<int=4, int=8>, cutlass::layout::RowMajorInterleaved<int=2>, cutlass::gemm::GemmShape<int=4, int=4, int=1>>, int=1, bool>, int=1, cutlass::epilogue::threadblock::PredicatedTileIterator<cutlass::epilogue::threadblock::OutputTileOptimalThreadMap<cutlass::epilogue::threadblock::OutputTileShape<int=128, int=1, int=4, int=4, int=1>, cutlass::epilogue::threadblock::OutputTileShape<int=1, int=4, int=2, int=1, int=8>, int=256, int=1, int=32>, float>, cutlass::epilogue::warp::FragmentIteratorSimt<cutlass::gemm::GemmShape<int=32, int=64, int=8>, cutlass::gemm::thread::Mma<cutlass::gemm::GemmShape<int=8, int=8, int=1>, float, cutlass::layout::ColumnMajor, float, cutlass::layout::RowMajor, float, cutlass::layout::RowMajor, cutlass::arch::OpMultiplyAdd, bool>, cutlass::layout::RowMajor, cutlass::gemm::warp::MmaSimtPolicy<cutlass::MatrixShape<int=4, int=8>, cutlass::layout::RowMajorInterleaved<int=2>, cutlass::gemm::GemmShape<int=4, int=4, int=1>>>, cutlass::epilogue::warp::TileIteratorSimt<cutlass::gemm::GemmShape<int=32, int=64, int=8>, cutlass::gemm::thread::Mma<cutlass::gemm::GemmShape<int=8, int=8, int=1>, float, cutlass::layout::ColumnMajor, float, cutlass::layout::RowMajor, float, cutlass::layout::RowMajor, cutlass::arch::OpMultiplyAdd, bool>, float, cutlass::layout::RowMajor, cutlass::gemm::warp::MmaSimtPolicy<cutlass::MatrixShape<int=4, int=8>, cutlass::layout::RowMajorInterleaved<int=2>, cutlass::gemm::GemmShape<int=4, int=4, int=1>>>, cutlass::epilogue::threadblock::SharedLoadIterator<cutlass::epilogue::threadblock::OutputTileOptimalThreadMap<cutlass::epilogue::threadblock::OutputTileShape<int=128, int=1, int=4, int=4, int=1>::CompactedThreadMap, cutlass::epilogue::threadblock::OutputTileShape<int=1, int=4, int=2, int=1, int=8>, int=256, int=1, int=32>, float, int=4>, cutlass::epilogue::thread::LinearCombination<float",29597
22.386273,0.001472,,,,,,,,,,112,72.562176,"Pageable","Device","Tesla V100-PCIE-32GB (0)","1","7","[CUDA memcpy HtoD]",29617
22.386963,0.020447,2048,1,1,384,1,1,16,0.000000,0.000000,,,,,"Tesla V100-PCIE-32GB (0)","1","7","void scal_kernel_val<double, double>(cublasScalParamsVal<double, double>)",29731
22.387403,39.077581,6,3528,1,256,1,1,124,0.000000,16.250000,,,,,"Tesla V100-PCIE-32GB (0)","1","7","void cutlass::Kernel<cutlass::gemm::kernel::Gemm<cutlass::gemm::threadblock::MmaPipelined<cutlass::gemm::GemmShape<int=128, int=128, int=8>, cutlass::transform::threadblock::PredicatedTileIterator<cutlass::MatrixShape<int=128, int=8>, float, cutlass::layout::RowMajor, int=1, cutlass::transform::PitchLinearStripminedThreadMap<cutlass::layout::PitchLinearShape<int=8, int=128>, int=256, int=1>, int=1>, cutlass::transform::threadblock::RegularTileIterator<cutlass::MatrixShape<int=128, int=8>, float, cutlass::layout::ColumnMajor, int=1, cutlass::transform::TransposePitchLinearThreadMapSimt<cutlass::transform::PitchLinearStripminedThreadMap<cutlass::layout::PitchLinearShape<int=8, int=128>, int=256, int=1>>, int=4>, cutlass::transform::threadblock::PredicatedTileIterator<cutlass::MatrixShape<int=8, int=128>, float, cutlass::layout::RowMajor, int=0, cutlass::transform::PitchLinearStripminedThreadMap<cutlass::layout::PitchLinearShape<int=128, int=8>, int=256, int=1>, int=1>, cutlass::transform::threadblock::RegularTileIterator<cutlass::MatrixShape<int=8, int=128>, float, cutlass::layout::RowMajor, int=0, cutlass::transform::PitchLinearStripminedThreadMap<cutlass::layout::PitchLinearShape<int=128, int=8>, int=256, int=1>, int=4>, float, cutlass::layout::RowMajor, cutlass::gemm::threadblock::MmaPolicy<cutlass::gemm::warp::MmaSimt<cutlass::gemm::GemmShape<int=32, int=64, int=8>, float, cutlass::layout::ColumnMajor, float, cutlass::layout::RowMajor, float, cutlass::layout::RowMajor, cutlass::gemm::warp::MmaSimtPolicy<cutlass::MatrixShape<int=4, int=8>, cutlass::layout::RowMajorInterleaved<int=2>, cutlass::gemm::GemmShape<int=4, int=4, int=1>>, int=1, bool>, cutlass::MatrixShape<int=4, int=0>, cutlass::MatrixShape<int=0, int=0>, int=1>, cutlass::NumericArrayConverter<float, float, int=4, cutlass::FloatRoundStyle>, cutlass::NumericArrayConverter<float, float, int=4, cutlass::FloatRoundStyle>, bool>, cutlass::epilogue::threadblock::Epilogue<cutlass::gemm::GemmShape<int=128, int=128, int=8>, cutlass::gemm::warp::MmaSimt<cutlass::gemm::GemmShape<int=32, int=64, int=8>, float, cutlass::layout::ColumnMajor, float, cutlass::layout::RowMajor, float, cutlass::layout::RowMajor, cutlass::gemm::warp::MmaSimtPolicy<cutlass::MatrixShape<int=4, int=8>, cutlass::layout::RowMajorInterleaved<int=2>, cutlass::gemm::GemmShape<int=4, int=4, int=1>>, int=1, bool>, int=1, cutlass::epilogue::threadblock::PredicatedTileIterator<cutlass::epilogue::threadblock::OutputTileOptimalThreadMap<cutlass::epilogue::threadblock::OutputTileShape<int=128, int=1, int=4, int=4, int=1>, cutlass::epilogue::threadblock::OutputTileShape<int=1, int=4, int=2, int=1, int=8>, int=256, int=1, int=32>, float>, cutlass::epilogue::warp::FragmentIteratorSimt<cutlass::gemm::GemmShape<int=32, int=64, int=8>, cutlass::gemm::thread::Mma<cutlass::gemm::GemmShape<int=8, int=8, int=1>, float, cutlass::layout::ColumnMajor, float, cutlass::layout::RowMajor, float, cutlass::layout::RowMajor, cutlass::arch::OpMultiplyAdd, bool>, cutlass::layout::RowMajor, cutlass::gemm::warp::MmaSimtPolicy<cutlass::MatrixShape<int=4, int=8>, cutlass::layout::RowMajorInterleaved<int=2>, cutlass::gemm::GemmShape<int=4, int=4, int=1>>>, cutlass::epilogue::warp::TileIteratorSimt<cutlass::gemm::GemmShape<int=32, int=64, int=8>, cutlass::gemm::thread::Mma<cutlass::gemm::GemmShape<int=8, int=8, int=1>, float, cutlass::layout::ColumnMajor, float, cutlass::layout::RowMajor, float, cutlass::layout::RowMajor, cutlass::arch::OpMultiplyAdd, bool>, float, cutlass::layout::RowMajor, cutlass::gemm::warp::MmaSimtPolicy<cutlass::MatrixShape<int=4, int=8>, cutlass::layout::RowMajorInterleaved<int=2>, cutlass::gemm::GemmShape<int=4, int=4, int=1>>>, cutlass::epilogue::threadblock::SharedLoadIterator<cutlass::epilogue::threadblock::OutputTileOptimalThreadMap<cutlass::epilogue::threadblock::OutputTileShape<int=128, int=1, int=4, int=4, int=1>::CompactedThreadMap, cutlass::epilogue::threadblock::OutputTileShape<int=1, int=4, int=2, int=1, int=8>, int=256, int=1, int=32>, float, int=4>, cutlass::epilogue::thread::LinearCombination<float",29760
22.426490,0.001504,,,,,,,,,,112,71.018300,"Pageable","Device","Tesla V100-PCIE-32GB (0)","1","7","[CUDA memcpy HtoD]",29780
22.427262,0.020448,2048,1,1,384,1,1,16,0.000000,0.000000,,,,,"Tesla V100-PCIE-32GB (0)","1","7","void scal_kernel_val<double, double>(cublasScalParamsVal<double, double>)",29894
22.428080,39.087309,6,3528,1,256,1,1,124,0.000000,16.250000,,,,,"Tesla V100-PCIE-32GB (0)","1","7","void cutlass::Kernel<cutlass::gemm::kernel::Gemm<cutlass::gemm::threadblock::MmaPipelined<cutlass::gemm::GemmShape<int=128, int=128, int=8>, cutlass::transform::threadblock::PredicatedTileIterator<cutlass::MatrixShape<int=128, int=8>, float, cutlass::layout::RowMajor, int=1, cutlass::transform::PitchLinearStripminedThreadMap<cutlass::layout::PitchLinearShape<int=8, int=128>, int=256, int=1>, int=1>, cutlass::transform::threadblock::RegularTileIterator<cutlass::MatrixShape<int=128, int=8>, float, cutlass::layout::ColumnMajor, int=1, cutlass::transform::TransposePitchLinearThreadMapSimt<cutlass::transform::PitchLinearStripminedThreadMap<cutlass::layout::PitchLinearShape<int=8, int=128>, int=256, int=1>>, int=4>, cutlass::transform::threadblock::PredicatedTileIterator<cutlass::MatrixShape<int=8, int=128>, float, cutlass::layout::RowMajor, int=0, cutlass::transform::PitchLinearStripminedThreadMap<cutlass::layout::PitchLinearShape<int=128, int=8>, int=256, int=1>, int=1>, cutlass::transform::threadblock::RegularTileIterator<cutlass::MatrixShape<int=8, int=128>, float, cutlass::layout::RowMajor, int=0, cutlass::transform::PitchLinearStripminedThreadMap<cutlass::layout::PitchLinearShape<int=128, int=8>, int=256, int=1>, int=4>, float, cutlass::layout::RowMajor, cutlass::gemm::threadblock::MmaPolicy<cutlass::gemm::warp::MmaSimt<cutlass::gemm::GemmShape<int=32, int=64, int=8>, float, cutlass::layout::ColumnMajor, float, cutlass::layout::RowMajor, float, cutlass::layout::RowMajor, cutlass::gemm::warp::MmaSimtPolicy<cutlass::MatrixShape<int=4, int=8>, cutlass::layout::RowMajorInterleaved<int=2>, cutlass::gemm::GemmShape<int=4, int=4, int=1>>, int=1, bool>, cutlass::MatrixShape<int=4, int=0>, cutlass::MatrixShape<int=0, int=0>, int=1>, cutlass::NumericArrayConverter<float, float, int=4, cutlass::FloatRoundStyle>, cutlass::NumericArrayConverter<float, float, int=4, cutlass::FloatRoundStyle>, bool>, cutlass::epilogue::threadblock::Epilogue<cutlass::gemm::GemmShape<int=128, int=128, int=8>, cutlass::gemm::warp::MmaSimt<cutlass::gemm::GemmShape<int=32, int=64, int=8>, float, cutlass::layout::ColumnMajor, float, cutlass::layout::RowMajor, float, cutlass::layout::RowMajor, cutlass::gemm::warp::MmaSimtPolicy<cutlass::MatrixShape<int=4, int=8>, cutlass::layout::RowMajorInterleaved<int=2>, cutlass::gemm::GemmShape<int=4, int=4, int=1>>, int=1, bool>, int=1, cutlass::epilogue::threadblock::PredicatedTileIterator<cutlass::epilogue::threadblock::OutputTileOptimalThreadMap<cutlass::epilogue::threadblock::OutputTileShape<int=128, int=1, int=4, int=4, int=1>, cutlass::epilogue::threadblock::OutputTileShape<int=1, int=4, int=2, int=1, int=8>, int=256, int=1, int=32>, float>, cutlass::epilogue::warp::FragmentIteratorSimt<cutlass::gemm::GemmShape<int=32, int=64, int=8>, cutlass::gemm::thread::Mma<cutlass::gemm::GemmShape<int=8, int=8, int=1>, float, cutlass::layout::ColumnMajor, float, cutlass::layout::RowMajor, float, cutlass::layout::RowMajor, cutlass::arch::OpMultiplyAdd, bool>, cutlass::layout::RowMajor, cutlass::gemm::warp::MmaSimtPolicy<cutlass::MatrixShape<int=4, int=8>, cutlass::layout::RowMajorInterleaved<int=2>, cutlass::gemm::GemmShape<int=4, int=4, int=1>>>, cutlass::epilogue::warp::TileIteratorSimt<cutlass::gemm::GemmShape<int=32, int=64, int=8>, cutlass::gemm::thread::Mma<cutlass::gemm::GemmShape<int=8, int=8, int=1>, float, cutlass::layout::ColumnMajor, float, cutlass::layout::RowMajor, float, cutlass::layout::RowMajor, cutlass::arch::OpMultiplyAdd, bool>, float, cutlass::layout::RowMajor, cutlass::gemm::warp::MmaSimtPolicy<cutlass::MatrixShape<int=4, int=8>, cutlass::layout::RowMajorInterleaved<int=2>, cutlass::gemm::GemmShape<int=4, int=4, int=1>>>, cutlass::epilogue::threadblock::SharedLoadIterator<cutlass::epilogue::threadblock::OutputTileOptimalThreadMap<cutlass::epilogue::threadblock::OutputTileShape<int=128, int=1, int=4, int=4, int=1>::CompactedThreadMap, cutlass::epilogue::threadblock::OutputTileShape<int=1, int=4, int=2, int=1, int=8>, int=256, int=1, int=32>, float, int=4>, cutlass::epilogue::thread::LinearCombination<float",29923
22.467177,0.001472,,,,,,,,,,112,72.562176,"Pageable","Device","Tesla V100-PCIE-32GB (0)","1","7","[CUDA memcpy HtoD]",29943
22.467946,0.020800,2048,1,1,384,1,1,16,0.000000,0.000000,,,,,"Tesla V100-PCIE-32GB (0)","1","7","void scal_kernel_val<double, double>(cublasScalParamsVal<double, double>)",30057
22.479679,39.073485,6,3528,1,256,1,1,124,0.000000,16.250000,,,,,"Tesla V100-PCIE-32GB (0)","1","7","void cutlass::Kernel<cutlass::gemm::kernel::Gemm<cutlass::gemm::threadblock::MmaPipelined<cutlass::gemm::GemmShape<int=128, int=128, int=8>, cutlass::transform::threadblock::PredicatedTileIterator<cutlass::MatrixShape<int=128, int=8>, float, cutlass::layout::RowMajor, int=1, cutlass::transform::PitchLinearStripminedThreadMap<cutlass::layout::PitchLinearShape<int=8, int=128>, int=256, int=1>, int=1>, cutlass::transform::threadblock::RegularTileIterator<cutlass::MatrixShape<int=128, int=8>, float, cutlass::layout::ColumnMajor, int=1, cutlass::transform::TransposePitchLinearThreadMapSimt<cutlass::transform::PitchLinearStripminedThreadMap<cutlass::layout::PitchLinearShape<int=8, int=128>, int=256, int=1>>, int=4>, cutlass::transform::threadblock::PredicatedTileIterator<cutlass::MatrixShape<int=8, int=128>, float, cutlass::layout::RowMajor, int=0, cutlass::transform::PitchLinearStripminedThreadMap<cutlass::layout::PitchLinearShape<int=128, int=8>, int=256, int=1>, int=1>, cutlass::transform::threadblock::RegularTileIterator<cutlass::MatrixShape<int=8, int=128>, float, cutlass::layout::RowMajor, int=0, cutlass::transform::PitchLinearStripminedThreadMap<cutlass::layout::PitchLinearShape<int=128, int=8>, int=256, int=1>, int=4>, float, cutlass::layout::RowMajor, cutlass::gemm::threadblock::MmaPolicy<cutlass::gemm::warp::MmaSimt<cutlass::gemm::GemmShape<int=32, int=64, int=8>, float, cutlass::layout::ColumnMajor, float, cutlass::layout::RowMajor, float, cutlass::layout::RowMajor, cutlass::gemm::warp::MmaSimtPolicy<cutlass::MatrixShape<int=4, int=8>, cutlass::layout::RowMajorInterleaved<int=2>, cutlass::gemm::GemmShape<int=4, int=4, int=1>>, int=1, bool>, cutlass::MatrixShape<int=4, int=0>, cutlass::MatrixShape<int=0, int=0>, int=1>, cutlass::NumericArrayConverter<float, float, int=4, cutlass::FloatRoundStyle>, cutlass::NumericArrayConverter<float, float, int=4, cutlass::FloatRoundStyle>, bool>, cutlass::epilogue::threadblock::Epilogue<cutlass::gemm::GemmShape<int=128, int=128, int=8>, cutlass::gemm::warp::MmaSimt<cutlass::gemm::GemmShape<int=32, int=64, int=8>, float, cutlass::layout::ColumnMajor, float, cutlass::layout::RowMajor, float, cutlass::layout::RowMajor, cutlass::gemm::warp::MmaSimtPolicy<cutlass::MatrixShape<int=4, int=8>, cutlass::layout::RowMajorInterleaved<int=2>, cutlass::gemm::GemmShape<int=4, int=4, int=1>>, int=1, bool>, int=1, cutlass::epilogue::threadblock::PredicatedTileIterator<cutlass::epilogue::threadblock::OutputTileOptimalThreadMap<cutlass::epilogue::threadblock::OutputTileShape<int=128, int=1, int=4, int=4, int=1>, cutlass::epilogue::threadblock::OutputTileShape<int=1, int=4, int=2, int=1, int=8>, int=256, int=1, int=32>, float>, cutlass::epilogue::warp::FragmentIteratorSimt<cutlass::gemm::GemmShape<int=32, int=64, int=8>, cutlass::gemm::thread::Mma<cutlass::gemm::GemmShape<int=8, int=8, int=1>, float, cutlass::layout::ColumnMajor, float, cutlass::layout::RowMajor, float, cutlass::layout::RowMajor, cutlass::arch::OpMultiplyAdd, bool>, cutlass::layout::RowMajor, cutlass::gemm::warp::MmaSimtPolicy<cutlass::MatrixShape<int=4, int=8>, cutlass::layout::RowMajorInterleaved<int=2>, cutlass::gemm::GemmShape<int=4, int=4, int=1>>>, cutlass::epilogue::warp::TileIteratorSimt<cutlass::gemm::GemmShape<int=32, int=64, int=8>, cutlass::gemm::thread::Mma<cutlass::gemm::GemmShape<int=8, int=8, int=1>, float, cutlass::layout::ColumnMajor, float, cutlass::layout::RowMajor, float, cutlass::layout::RowMajor, cutlass::arch::OpMultiplyAdd, bool>, float, cutlass::layout::RowMajor, cutlass::gemm::warp::MmaSimtPolicy<cutlass::MatrixShape<int=4, int=8>, cutlass::layout::RowMajorInterleaved<int=2>, cutlass::gemm::GemmShape<int=4, int=4, int=1>>>, cutlass::epilogue::threadblock::SharedLoadIterator<cutlass::epilogue::threadblock::OutputTileOptimalThreadMap<cutlass::epilogue::threadblock::OutputTileShape<int=128, int=1, int=4, int=4, int=1>::CompactedThreadMap, cutlass::epilogue::threadblock::OutputTileShape<int=1, int=4, int=2, int=1, int=8>, int=256, int=1, int=32>, float, int=4>, cutlass::epilogue::thread::LinearCombination<float",30086
22.518763,0.001472,,,,,,,,,,112,72.562176,"Pageable","Device","Tesla V100-PCIE-32GB (0)","1","7","[CUDA memcpy HtoD]",30106
22.519486,0.020320,2048,1,1,384,1,1,16,0.000000,0.000000,,,,,"Tesla V100-PCIE-32GB (0)","1","7","void scal_kernel_val<double, double>(cublasScalParamsVal<double, double>)",30220
22.519920,39.074477,6,3528,1,256,1,1,124,0.000000,16.250000,,,,,"Tesla V100-PCIE-32GB (0)","1","7","void cutlass::Kernel<cutlass::gemm::kernel::Gemm<cutlass::gemm::threadblock::MmaPipelined<cutlass::gemm::GemmShape<int=128, int=128, int=8>, cutlass::transform::threadblock::PredicatedTileIterator<cutlass::MatrixShape<int=128, int=8>, float, cutlass::layout::RowMajor, int=1, cutlass::transform::PitchLinearStripminedThreadMap<cutlass::layout::PitchLinearShape<int=8, int=128>, int=256, int=1>, int=1>, cutlass::transform::threadblock::RegularTileIterator<cutlass::MatrixShape<int=128, int=8>, float, cutlass::layout::ColumnMajor, int=1, cutlass::transform::TransposePitchLinearThreadMapSimt<cutlass::transform::PitchLinearStripminedThreadMap<cutlass::layout::PitchLinearShape<int=8, int=128>, int=256, int=1>>, int=4>, cutlass::transform::threadblock::PredicatedTileIterator<cutlass::MatrixShape<int=8, int=128>, float, cutlass::layout::RowMajor, int=0, cutlass::transform::PitchLinearStripminedThreadMap<cutlass::layout::PitchLinearShape<int=128, int=8>, int=256, int=1>, int=1>, cutlass::transform::threadblock::RegularTileIterator<cutlass::MatrixShape<int=8, int=128>, float, cutlass::layout::RowMajor, int=0, cutlass::transform::PitchLinearStripminedThreadMap<cutlass::layout::PitchLinearShape<int=128, int=8>, int=256, int=1>, int=4>, float, cutlass::layout::RowMajor, cutlass::gemm::threadblock::MmaPolicy<cutlass::gemm::warp::MmaSimt<cutlass::gemm::GemmShape<int=32, int=64, int=8>, float, cutlass::layout::ColumnMajor, float, cutlass::layout::RowMajor, float, cutlass::layout::RowMajor, cutlass::gemm::warp::MmaSimtPolicy<cutlass::MatrixShape<int=4, int=8>, cutlass::layout::RowMajorInterleaved<int=2>, cutlass::gemm::GemmShape<int=4, int=4, int=1>>, int=1, bool>, cutlass::MatrixShape<int=4, int=0>, cutlass::MatrixShape<int=0, int=0>, int=1>, cutlass::NumericArrayConverter<float, float, int=4, cutlass::FloatRoundStyle>, cutlass::NumericArrayConverter<float, float, int=4, cutlass::FloatRoundStyle>, bool>, cutlass::epilogue::threadblock::Epilogue<cutlass::gemm::GemmShape<int=128, int=128, int=8>, cutlass::gemm::warp::MmaSimt<cutlass::gemm::GemmShape<int=32, int=64, int=8>, float, cutlass::layout::ColumnMajor, float, cutlass::layout::RowMajor, float, cutlass::layout::RowMajor, cutlass::gemm::warp::MmaSimtPolicy<cutlass::MatrixShape<int=4, int=8>, cutlass::layout::RowMajorInterleaved<int=2>, cutlass::gemm::GemmShape<int=4, int=4, int=1>>, int=1, bool>, int=1, cutlass::epilogue::threadblock::PredicatedTileIterator<cutlass::epilogue::threadblock::OutputTileOptimalThreadMap<cutlass::epilogue::threadblock::OutputTileShape<int=128, int=1, int=4, int=4, int=1>, cutlass::epilogue::threadblock::OutputTileShape<int=1, int=4, int=2, int=1, int=8>, int=256, int=1, int=32>, float>, cutlass::epilogue::warp::FragmentIteratorSimt<cutlass::gemm::GemmShape<int=32, int=64, int=8>, cutlass::gemm::thread::Mma<cutlass::gemm::GemmShape<int=8, int=8, int=1>, float, cutlass::layout::ColumnMajor, float, cutlass::layout::RowMajor, float, cutlass::layout::RowMajor, cutlass::arch::OpMultiplyAdd, bool>, cutlass::layout::RowMajor, cutlass::gemm::warp::MmaSimtPolicy<cutlass::MatrixShape<int=4, int=8>, cutlass::layout::RowMajorInterleaved<int=2>, cutlass::gemm::GemmShape<int=4, int=4, int=1>>>, cutlass::epilogue::warp::TileIteratorSimt<cutlass::gemm::GemmShape<int=32, int=64, int=8>, cutlass::gemm::thread::Mma<cutlass::gemm::GemmShape<int=8, int=8, int=1>, float, cutlass::layout::ColumnMajor, float, cutlass::layout::RowMajor, float, cutlass::layout::RowMajor, cutlass::arch::OpMultiplyAdd, bool>, float, cutlass::layout::RowMajor, cutlass::gemm::warp::MmaSimtPolicy<cutlass::MatrixShape<int=4, int=8>, cutlass::layout::RowMajorInterleaved<int=2>, cutlass::gemm::GemmShape<int=4, int=4, int=1>>>, cutlass::epilogue::threadblock::SharedLoadIterator<cutlass::epilogue::threadblock::OutputTileOptimalThreadMap<cutlass::epilogue::threadblock::OutputTileShape<int=128, int=1, int=4, int=4, int=1>::CompactedThreadMap, cutlass::epilogue::threadblock::OutputTileShape<int=1, int=4, int=2, int=1, int=8>, int=256, int=1, int=32>, float, int=4>, cutlass::epilogue::thread::LinearCombination<float",30249
22.559003,0.001632,,,,,,,,,,112,65.448236,"Pageable","Device","Tesla V100-PCIE-32GB (0)","1","7","[CUDA memcpy HtoD]",30269
22.591275,0.020448,2048,1,1,384,1,1,16,0.000000,0.000000,,,,,"Tesla V100-PCIE-32GB (0)","1","7","void scal_kernel_val<double, double>(cublasScalParamsVal<double, double>)",30383
22.591790,39.101837,6,3528,1,256,1,1,124,0.000000,16.250000,,,,,"Tesla V100-PCIE-32GB (0)","1","7","void cutlass::Kernel<cutlass::gemm::kernel::Gemm<cutlass::gemm::threadblock::MmaPipelined<cutlass::gemm::GemmShape<int=128, int=128, int=8>, cutlass::transform::threadblock::PredicatedTileIterator<cutlass::MatrixShape<int=128, int=8>, float, cutlass::layout::RowMajor, int=1, cutlass::transform::PitchLinearStripminedThreadMap<cutlass::layout::PitchLinearShape<int=8, int=128>, int=256, int=1>, int=1>, cutlass::transform::threadblock::RegularTileIterator<cutlass::MatrixShape<int=128, int=8>, float, cutlass::layout::ColumnMajor, int=1, cutlass::transform::TransposePitchLinearThreadMapSimt<cutlass::transform::PitchLinearStripminedThreadMap<cutlass::layout::PitchLinearShape<int=8, int=128>, int=256, int=1>>, int=4>, cutlass::transform::threadblock::PredicatedTileIterator<cutlass::MatrixShape<int=8, int=128>, float, cutlass::layout::RowMajor, int=0, cutlass::transform::PitchLinearStripminedThreadMap<cutlass::layout::PitchLinearShape<int=128, int=8>, int=256, int=1>, int=1>, cutlass::transform::threadblock::RegularTileIterator<cutlass::MatrixShape<int=8, int=128>, float, cutlass::layout::RowMajor, int=0, cutlass::transform::PitchLinearStripminedThreadMap<cutlass::layout::PitchLinearShape<int=128, int=8>, int=256, int=1>, int=4>, float, cutlass::layout::RowMajor, cutlass::gemm::threadblock::MmaPolicy<cutlass::gemm::warp::MmaSimt<cutlass::gemm::GemmShape<int=32, int=64, int=8>, float, cutlass::layout::ColumnMajor, float, cutlass::layout::RowMajor, float, cutlass::layout::RowMajor, cutlass::gemm::warp::MmaSimtPolicy<cutlass::MatrixShape<int=4, int=8>, cutlass::layout::RowMajorInterleaved<int=2>, cutlass::gemm::GemmShape<int=4, int=4, int=1>>, int=1, bool>, cutlass::MatrixShape<int=4, int=0>, cutlass::MatrixShape<int=0, int=0>, int=1>, cutlass::NumericArrayConverter<float, float, int=4, cutlass::FloatRoundStyle>, cutlass::NumericArrayConverter<float, float, int=4, cutlass::FloatRoundStyle>, bool>, cutlass::epilogue::threadblock::Epilogue<cutlass::gemm::GemmShape<int=128, int=128, int=8>, cutlass::gemm::warp::MmaSimt<cutlass::gemm::GemmShape<int=32, int=64, int=8>, float, cutlass::layout::ColumnMajor, float, cutlass::layout::RowMajor, float, cutlass::layout::RowMajor, cutlass::gemm::warp::MmaSimtPolicy<cutlass::MatrixShape<int=4, int=8>, cutlass::layout::RowMajorInterleaved<int=2>, cutlass::gemm::GemmShape<int=4, int=4, int=1>>, int=1, bool>, int=1, cutlass::epilogue::threadblock::PredicatedTileIterator<cutlass::epilogue::threadblock::OutputTileOptimalThreadMap<cutlass::epilogue::threadblock::OutputTileShape<int=128, int=1, int=4, int=4, int=1>, cutlass::epilogue::threadblock::OutputTileShape<int=1, int=4, int=2, int=1, int=8>, int=256, int=1, int=32>, float>, cutlass::epilogue::warp::FragmentIteratorSimt<cutlass::gemm::GemmShape<int=32, int=64, int=8>, cutlass::gemm::thread::Mma<cutlass::gemm::GemmShape<int=8, int=8, int=1>, float, cutlass::layout::ColumnMajor, float, cutlass::layout::RowMajor, float, cutlass::layout::RowMajor, cutlass::arch::OpMultiplyAdd, bool>, cutlass::layout::RowMajor, cutlass::gemm::warp::MmaSimtPolicy<cutlass::MatrixShape<int=4, int=8>, cutlass::layout::RowMajorInterleaved<int=2>, cutlass::gemm::GemmShape<int=4, int=4, int=1>>>, cutlass::epilogue::warp::TileIteratorSimt<cutlass::gemm::GemmShape<int=32, int=64, int=8>, cutlass::gemm::thread::Mma<cutlass::gemm::GemmShape<int=8, int=8, int=1>, float, cutlass::layout::ColumnMajor, float, cutlass::layout::RowMajor, float, cutlass::layout::RowMajor, cutlass::arch::OpMultiplyAdd, bool>, float, cutlass::layout::RowMajor, cutlass::gemm::warp::MmaSimtPolicy<cutlass::MatrixShape<int=4, int=8>, cutlass::layout::RowMajorInterleaved<int=2>, cutlass::gemm::GemmShape<int=4, int=4, int=1>>>, cutlass::epilogue::threadblock::SharedLoadIterator<cutlass::epilogue::threadblock::OutputTileOptimalThreadMap<cutlass::epilogue::threadblock::OutputTileShape<int=128, int=1, int=4, int=4, int=1>::CompactedThreadMap, cutlass::epilogue::threadblock::OutputTileShape<int=1, int=4, int=2, int=1, int=8>, int=256, int=1, int=32>, float, int=4>, cutlass::epilogue::thread::LinearCombination<float",30412
22.630902,0.001472,,,,,,,,,,112,72.562176,"Pageable","Device","Tesla V100-PCIE-32GB (0)","1","7","[CUDA memcpy HtoD]",30432
22.631900,0.020960,2048,1,1,384,1,1,16,0.000000,0.000000,,,,,"Tesla V100-PCIE-32GB (0)","1","7","void scal_kernel_val<double, double>(cublasScalParamsVal<double, double>)",30546
22.643518,39.090029,6,3528,1,256,1,1,124,0.000000,16.250000,,,,,"Tesla V100-PCIE-32GB (0)","1","7","void cutlass::Kernel<cutlass::gemm::kernel::Gemm<cutlass::gemm::threadblock::MmaPipelined<cutlass::gemm::GemmShape<int=128, int=128, int=8>, cutlass::transform::threadblock::PredicatedTileIterator<cutlass::MatrixShape<int=128, int=8>, float, cutlass::layout::RowMajor, int=1, cutlass::transform::PitchLinearStripminedThreadMap<cutlass::layout::PitchLinearShape<int=8, int=128>, int=256, int=1>, int=1>, cutlass::transform::threadblock::RegularTileIterator<cutlass::MatrixShape<int=128, int=8>, float, cutlass::layout::ColumnMajor, int=1, cutlass::transform::TransposePitchLinearThreadMapSimt<cutlass::transform::PitchLinearStripminedThreadMap<cutlass::layout::PitchLinearShape<int=8, int=128>, int=256, int=1>>, int=4>, cutlass::transform::threadblock::PredicatedTileIterator<cutlass::MatrixShape<int=8, int=128>, float, cutlass::layout::RowMajor, int=0, cutlass::transform::PitchLinearStripminedThreadMap<cutlass::layout::PitchLinearShape<int=128, int=8>, int=256, int=1>, int=1>, cutlass::transform::threadblock::RegularTileIterator<cutlass::MatrixShape<int=8, int=128>, float, cutlass::layout::RowMajor, int=0, cutlass::transform::PitchLinearStripminedThreadMap<cutlass::layout::PitchLinearShape<int=128, int=8>, int=256, int=1>, int=4>, float, cutlass::layout::RowMajor, cutlass::gemm::threadblock::MmaPolicy<cutlass::gemm::warp::MmaSimt<cutlass::gemm::GemmShape<int=32, int=64, int=8>, float, cutlass::layout::ColumnMajor, float, cutlass::layout::RowMajor, float, cutlass::layout::RowMajor, cutlass::gemm::warp::MmaSimtPolicy<cutlass::MatrixShape<int=4, int=8>, cutlass::layout::RowMajorInterleaved<int=2>, cutlass::gemm::GemmShape<int=4, int=4, int=1>>, int=1, bool>, cutlass::MatrixShape<int=4, int=0>, cutlass::MatrixShape<int=0, int=0>, int=1>, cutlass::NumericArrayConverter<float, float, int=4, cutlass::FloatRoundStyle>, cutlass::NumericArrayConverter<float, float, int=4, cutlass::FloatRoundStyle>, bool>, cutlass::epilogue::threadblock::Epilogue<cutlass::gemm::GemmShape<int=128, int=128, int=8>, cutlass::gemm::warp::MmaSimt<cutlass::gemm::GemmShape<int=32, int=64, int=8>, float, cutlass::layout::ColumnMajor, float, cutlass::layout::RowMajor, float, cutlass::layout::RowMajor, cutlass::gemm::warp::MmaSimtPolicy<cutlass::MatrixShape<int=4, int=8>, cutlass::layout::RowMajorInterleaved<int=2>, cutlass::gemm::GemmShape<int=4, int=4, int=1>>, int=1, bool>, int=1, cutlass::epilogue::threadblock::PredicatedTileIterator<cutlass::epilogue::threadblock::OutputTileOptimalThreadMap<cutlass::epilogue::threadblock::OutputTileShape<int=128, int=1, int=4, int=4, int=1>, cutlass::epilogue::threadblock::OutputTileShape<int=1, int=4, int=2, int=1, int=8>, int=256, int=1, int=32>, float>, cutlass::epilogue::warp::FragmentIteratorSimt<cutlass::gemm::GemmShape<int=32, int=64, int=8>, cutlass::gemm::thread::Mma<cutlass::gemm::GemmShape<int=8, int=8, int=1>, float, cutlass::layout::ColumnMajor, float, cutlass::layout::RowMajor, float, cutlass::layout::RowMajor, cutlass::arch::OpMultiplyAdd, bool>, cutlass::layout::RowMajor, cutlass::gemm::warp::MmaSimtPolicy<cutlass::MatrixShape<int=4, int=8>, cutlass::layout::RowMajorInterleaved<int=2>, cutlass::gemm::GemmShape<int=4, int=4, int=1>>>, cutlass::epilogue::warp::TileIteratorSimt<cutlass::gemm::GemmShape<int=32, int=64, int=8>, cutlass::gemm::thread::Mma<cutlass::gemm::GemmShape<int=8, int=8, int=1>, float, cutlass::layout::ColumnMajor, float, cutlass::layout::RowMajor, float, cutlass::layout::RowMajor, cutlass::arch::OpMultiplyAdd, bool>, float, cutlass::layout::RowMajor, cutlass::gemm::warp::MmaSimtPolicy<cutlass::MatrixShape<int=4, int=8>, cutlass::layout::RowMajorInterleaved<int=2>, cutlass::gemm::GemmShape<int=4, int=4, int=1>>>, cutlass::epilogue::threadblock::SharedLoadIterator<cutlass::epilogue::threadblock::OutputTileOptimalThreadMap<cutlass::epilogue::threadblock::OutputTileShape<int=128, int=1, int=4, int=4, int=1>::CompactedThreadMap, cutlass::epilogue::threadblock::OutputTileShape<int=1, int=4, int=2, int=1, int=8>, int=256, int=1, int=32>, float, int=4>, cutlass::epilogue::thread::LinearCombination<float",30575
22.682620,0.001472,,,,,,,,,,112,72.562176,"Pageable","Device","Tesla V100-PCIE-32GB (0)","1","7","[CUDA memcpy HtoD]",30595
22.683983,0.020287,2048,1,1,384,1,1,16,0.000000,0.000000,,,,,"Tesla V100-PCIE-32GB (0)","1","7","void scal_kernel_val<double, double>(cublasScalParamsVal<double, double>)",30709
22.684505,39.082668,6,3528,1,256,1,1,124,0.000000,16.250000,,,,,"Tesla V100-PCIE-32GB (0)","1","7","void cutlass::Kernel<cutlass::gemm::kernel::Gemm<cutlass::gemm::threadblock::MmaPipelined<cutlass::gemm::GemmShape<int=128, int=128, int=8>, cutlass::transform::threadblock::PredicatedTileIterator<cutlass::MatrixShape<int=128, int=8>, float, cutlass::layout::RowMajor, int=1, cutlass::transform::PitchLinearStripminedThreadMap<cutlass::layout::PitchLinearShape<int=8, int=128>, int=256, int=1>, int=1>, cutlass::transform::threadblock::RegularTileIterator<cutlass::MatrixShape<int=128, int=8>, float, cutlass::layout::ColumnMajor, int=1, cutlass::transform::TransposePitchLinearThreadMapSimt<cutlass::transform::PitchLinearStripminedThreadMap<cutlass::layout::PitchLinearShape<int=8, int=128>, int=256, int=1>>, int=4>, cutlass::transform::threadblock::PredicatedTileIterator<cutlass::MatrixShape<int=8, int=128>, float, cutlass::layout::RowMajor, int=0, cutlass::transform::PitchLinearStripminedThreadMap<cutlass::layout::PitchLinearShape<int=128, int=8>, int=256, int=1>, int=1>, cutlass::transform::threadblock::RegularTileIterator<cutlass::MatrixShape<int=8, int=128>, float, cutlass::layout::RowMajor, int=0, cutlass::transform::PitchLinearStripminedThreadMap<cutlass::layout::PitchLinearShape<int=128, int=8>, int=256, int=1>, int=4>, float, cutlass::layout::RowMajor, cutlass::gemm::threadblock::MmaPolicy<cutlass::gemm::warp::MmaSimt<cutlass::gemm::GemmShape<int=32, int=64, int=8>, float, cutlass::layout::ColumnMajor, float, cutlass::layout::RowMajor, float, cutlass::layout::RowMajor, cutlass::gemm::warp::MmaSimtPolicy<cutlass::MatrixShape<int=4, int=8>, cutlass::layout::RowMajorInterleaved<int=2>, cutlass::gemm::GemmShape<int=4, int=4, int=1>>, int=1, bool>, cutlass::MatrixShape<int=4, int=0>, cutlass::MatrixShape<int=0, int=0>, int=1>, cutlass::NumericArrayConverter<float, float, int=4, cutlass::FloatRoundStyle>, cutlass::NumericArrayConverter<float, float, int=4, cutlass::FloatRoundStyle>, bool>, cutlass::epilogue::threadblock::Epilogue<cutlass::gemm::GemmShape<int=128, int=128, int=8>, cutlass::gemm::warp::MmaSimt<cutlass::gemm::GemmShape<int=32, int=64, int=8>, float, cutlass::layout::ColumnMajor, float, cutlass::layout::RowMajor, float, cutlass::layout::RowMajor, cutlass::gemm::warp::MmaSimtPolicy<cutlass::MatrixShape<int=4, int=8>, cutlass::layout::RowMajorInterleaved<int=2>, cutlass::gemm::GemmShape<int=4, int=4, int=1>>, int=1, bool>, int=1, cutlass::epilogue::threadblock::PredicatedTileIterator<cutlass::epilogue::threadblock::OutputTileOptimalThreadMap<cutlass::epilogue::threadblock::OutputTileShape<int=128, int=1, int=4, int=4, int=1>, cutlass::epilogue::threadblock::OutputTileShape<int=1, int=4, int=2, int=1, int=8>, int=256, int=1, int=32>, float>, cutlass::epilogue::warp::FragmentIteratorSimt<cutlass::gemm::GemmShape<int=32, int=64, int=8>, cutlass::gemm::thread::Mma<cutlass::gemm::GemmShape<int=8, int=8, int=1>, float, cutlass::layout::ColumnMajor, float, cutlass::layout::RowMajor, float, cutlass::layout::RowMajor, cutlass::arch::OpMultiplyAdd, bool>, cutlass::layout::RowMajor, cutlass::gemm::warp::MmaSimtPolicy<cutlass::MatrixShape<int=4, int=8>, cutlass::layout::RowMajorInterleaved<int=2>, cutlass::gemm::GemmShape<int=4, int=4, int=1>>>, cutlass::epilogue::warp::TileIteratorSimt<cutlass::gemm::GemmShape<int=32, int=64, int=8>, cutlass::gemm::thread::Mma<cutlass::gemm::GemmShape<int=8, int=8, int=1>, float, cutlass::layout::ColumnMajor, float, cutlass::layout::RowMajor, float, cutlass::layout::RowMajor, cutlass::arch::OpMultiplyAdd, bool>, float, cutlass::layout::RowMajor, cutlass::gemm::warp::MmaSimtPolicy<cutlass::MatrixShape<int=4, int=8>, cutlass::layout::RowMajorInterleaved<int=2>, cutlass::gemm::GemmShape<int=4, int=4, int=1>>>, cutlass::epilogue::threadblock::SharedLoadIterator<cutlass::epilogue::threadblock::OutputTileOptimalThreadMap<cutlass::epilogue::threadblock::OutputTileShape<int=128, int=1, int=4, int=4, int=1>::CompactedThreadMap, cutlass::epilogue::threadblock::OutputTileShape<int=1, int=4, int=2, int=1, int=8>, int=256, int=1, int=32>, float, int=4>, cutlass::epilogue::thread::LinearCombination<float",30738
22.723598,0.001472,,,,,,,,,,112,72.562176,"Pageable","Device","Tesla V100-PCIE-32GB (0)","1","7","[CUDA memcpy HtoD]",30758
22.724608,0.020384,2048,1,1,384,1,1,16,0.000000,0.000000,,,,,"Tesla V100-PCIE-32GB (0)","1","7","void scal_kernel_val<double, double>(cublasScalParamsVal<double, double>)",30872
22.725051,39.075628,6,3528,1,256,1,1,124,0.000000,16.250000,,,,,"Tesla V100-PCIE-32GB (0)","1","7","void cutlass::Kernel<cutlass::gemm::kernel::Gemm<cutlass::gemm::threadblock::MmaPipelined<cutlass::gemm::GemmShape<int=128, int=128, int=8>, cutlass::transform::threadblock::PredicatedTileIterator<cutlass::MatrixShape<int=128, int=8>, float, cutlass::layout::RowMajor, int=1, cutlass::transform::PitchLinearStripminedThreadMap<cutlass::layout::PitchLinearShape<int=8, int=128>, int=256, int=1>, int=1>, cutlass::transform::threadblock::RegularTileIterator<cutlass::MatrixShape<int=128, int=8>, float, cutlass::layout::ColumnMajor, int=1, cutlass::transform::TransposePitchLinearThreadMapSimt<cutlass::transform::PitchLinearStripminedThreadMap<cutlass::layout::PitchLinearShape<int=8, int=128>, int=256, int=1>>, int=4>, cutlass::transform::threadblock::PredicatedTileIterator<cutlass::MatrixShape<int=8, int=128>, float, cutlass::layout::RowMajor, int=0, cutlass::transform::PitchLinearStripminedThreadMap<cutlass::layout::PitchLinearShape<int=128, int=8>, int=256, int=1>, int=1>, cutlass::transform::threadblock::RegularTileIterator<cutlass::MatrixShape<int=8, int=128>, float, cutlass::layout::RowMajor, int=0, cutlass::transform::PitchLinearStripminedThreadMap<cutlass::layout::PitchLinearShape<int=128, int=8>, int=256, int=1>, int=4>, float, cutlass::layout::RowMajor, cutlass::gemm::threadblock::MmaPolicy<cutlass::gemm::warp::MmaSimt<cutlass::gemm::GemmShape<int=32, int=64, int=8>, float, cutlass::layout::ColumnMajor, float, cutlass::layout::RowMajor, float, cutlass::layout::RowMajor, cutlass::gemm::warp::MmaSimtPolicy<cutlass::MatrixShape<int=4, int=8>, cutlass::layout::RowMajorInterleaved<int=2>, cutlass::gemm::GemmShape<int=4, int=4, int=1>>, int=1, bool>, cutlass::MatrixShape<int=4, int=0>, cutlass::MatrixShape<int=0, int=0>, int=1>, cutlass::NumericArrayConverter<float, float, int=4, cutlass::FloatRoundStyle>, cutlass::NumericArrayConverter<float, float, int=4, cutlass::FloatRoundStyle>, bool>, cutlass::epilogue::threadblock::Epilogue<cutlass::gemm::GemmShape<int=128, int=128, int=8>, cutlass::gemm::warp::MmaSimt<cutlass::gemm::GemmShape<int=32, int=64, int=8>, float, cutlass::layout::ColumnMajor, float, cutlass::layout::RowMajor, float, cutlass::layout::RowMajor, cutlass::gemm::warp::MmaSimtPolicy<cutlass::MatrixShape<int=4, int=8>, cutlass::layout::RowMajorInterleaved<int=2>, cutlass::gemm::GemmShape<int=4, int=4, int=1>>, int=1, bool>, int=1, cutlass::epilogue::threadblock::PredicatedTileIterator<cutlass::epilogue::threadblock::OutputTileOptimalThreadMap<cutlass::epilogue::threadblock::OutputTileShape<int=128, int=1, int=4, int=4, int=1>, cutlass::epilogue::threadblock::OutputTileShape<int=1, int=4, int=2, int=1, int=8>, int=256, int=1, int=32>, float>, cutlass::epilogue::warp::FragmentIteratorSimt<cutlass::gemm::GemmShape<int=32, int=64, int=8>, cutlass::gemm::thread::Mma<cutlass::gemm::GemmShape<int=8, int=8, int=1>, float, cutlass::layout::ColumnMajor, float, cutlass::layout::RowMajor, float, cutlass::layout::RowMajor, cutlass::arch::OpMultiplyAdd, bool>, cutlass::layout::RowMajor, cutlass::gemm::warp::MmaSimtPolicy<cutlass::MatrixShape<int=4, int=8>, cutlass::layout::RowMajorInterleaved<int=2>, cutlass::gemm::GemmShape<int=4, int=4, int=1>>>, cutlass::epilogue::warp::TileIteratorSimt<cutlass::gemm::GemmShape<int=32, int=64, int=8>, cutlass::gemm::thread::Mma<cutlass::gemm::GemmShape<int=8, int=8, int=1>, float, cutlass::layout::ColumnMajor, float, cutlass::layout::RowMajor, float, cutlass::layout::RowMajor, cutlass::arch::OpMultiplyAdd, bool>, float, cutlass::layout::RowMajor, cutlass::gemm::warp::MmaSimtPolicy<cutlass::MatrixShape<int=4, int=8>, cutlass::layout::RowMajorInterleaved<int=2>, cutlass::gemm::GemmShape<int=4, int=4, int=1>>>, cutlass::epilogue::threadblock::SharedLoadIterator<cutlass::epilogue::threadblock::OutputTileOptimalThreadMap<cutlass::epilogue::threadblock::OutputTileShape<int=128, int=1, int=4, int=4, int=1>::CompactedThreadMap, cutlass::epilogue::threadblock::OutputTileShape<int=1, int=4, int=2, int=1, int=8>, int=256, int=1, int=32>, float, int=4>, cutlass::epilogue::thread::LinearCombination<float",30901
22.764136,0.001472,,,,,,,,,,112,72.562176,"Pageable","Device","Tesla V100-PCIE-32GB (0)","1","7","[CUDA memcpy HtoD]",30921
22.795895,0.020480,2048,1,1,384,1,1,16,0.000000,0.000000,,,,,"Tesla V100-PCIE-32GB (0)","1","7","void scal_kernel_val<double, double>(cublasScalParamsVal<double, double>)",31035
22.796429,39.087468,6,3528,1,256,1,1,124,0.000000,16.250000,,,,,"Tesla V100-PCIE-32GB (0)","1","7","void cutlass::Kernel<cutlass::gemm::kernel::Gemm<cutlass::gemm::threadblock::MmaPipelined<cutlass::gemm::GemmShape<int=128, int=128, int=8>, cutlass::transform::threadblock::PredicatedTileIterator<cutlass::MatrixShape<int=128, int=8>, float, cutlass::layout::RowMajor, int=1, cutlass::transform::PitchLinearStripminedThreadMap<cutlass::layout::PitchLinearShape<int=8, int=128>, int=256, int=1>, int=1>, cutlass::transform::threadblock::RegularTileIterator<cutlass::MatrixShape<int=128, int=8>, float, cutlass::layout::ColumnMajor, int=1, cutlass::transform::TransposePitchLinearThreadMapSimt<cutlass::transform::PitchLinearStripminedThreadMap<cutlass::layout::PitchLinearShape<int=8, int=128>, int=256, int=1>>, int=4>, cutlass::transform::threadblock::PredicatedTileIterator<cutlass::MatrixShape<int=8, int=128>, float, cutlass::layout::RowMajor, int=0, cutlass::transform::PitchLinearStripminedThreadMap<cutlass::layout::PitchLinearShape<int=128, int=8>, int=256, int=1>, int=1>, cutlass::transform::threadblock::RegularTileIterator<cutlass::MatrixShape<int=8, int=128>, float, cutlass::layout::RowMajor, int=0, cutlass::transform::PitchLinearStripminedThreadMap<cutlass::layout::PitchLinearShape<int=128, int=8>, int=256, int=1>, int=4>, float, cutlass::layout::RowMajor, cutlass::gemm::threadblock::MmaPolicy<cutlass::gemm::warp::MmaSimt<cutlass::gemm::GemmShape<int=32, int=64, int=8>, float, cutlass::layout::ColumnMajor, float, cutlass::layout::RowMajor, float, cutlass::layout::RowMajor, cutlass::gemm::warp::MmaSimtPolicy<cutlass::MatrixShape<int=4, int=8>, cutlass::layout::RowMajorInterleaved<int=2>, cutlass::gemm::GemmShape<int=4, int=4, int=1>>, int=1, bool>, cutlass::MatrixShape<int=4, int=0>, cutlass::MatrixShape<int=0, int=0>, int=1>, cutlass::NumericArrayConverter<float, float, int=4, cutlass::FloatRoundStyle>, cutlass::NumericArrayConverter<float, float, int=4, cutlass::FloatRoundStyle>, bool>, cutlass::epilogue::threadblock::Epilogue<cutlass::gemm::GemmShape<int=128, int=128, int=8>, cutlass::gemm::warp::MmaSimt<cutlass::gemm::GemmShape<int=32, int=64, int=8>, float, cutlass::layout::ColumnMajor, float, cutlass::layout::RowMajor, float, cutlass::layout::RowMajor, cutlass::gemm::warp::MmaSimtPolicy<cutlass::MatrixShape<int=4, int=8>, cutlass::layout::RowMajorInterleaved<int=2>, cutlass::gemm::GemmShape<int=4, int=4, int=1>>, int=1, bool>, int=1, cutlass::epilogue::threadblock::PredicatedTileIterator<cutlass::epilogue::threadblock::OutputTileOptimalThreadMap<cutlass::epilogue::threadblock::OutputTileShape<int=128, int=1, int=4, int=4, int=1>, cutlass::epilogue::threadblock::OutputTileShape<int=1, int=4, int=2, int=1, int=8>, int=256, int=1, int=32>, float>, cutlass::epilogue::warp::FragmentIteratorSimt<cutlass::gemm::GemmShape<int=32, int=64, int=8>, cutlass::gemm::thread::Mma<cutlass::gemm::GemmShape<int=8, int=8, int=1>, float, cutlass::layout::ColumnMajor, float, cutlass::layout::RowMajor, float, cutlass::layout::RowMajor, cutlass::arch::OpMultiplyAdd, bool>, cutlass::layout::RowMajor, cutlass::gemm::warp::MmaSimtPolicy<cutlass::MatrixShape<int=4, int=8>, cutlass::layout::RowMajorInterleaved<int=2>, cutlass::gemm::GemmShape<int=4, int=4, int=1>>>, cutlass::epilogue::warp::TileIteratorSimt<cutlass::gemm::GemmShape<int=32, int=64, int=8>, cutlass::gemm::thread::Mma<cutlass::gemm::GemmShape<int=8, int=8, int=1>, float, cutlass::layout::ColumnMajor, float, cutlass::layout::RowMajor, float, cutlass::layout::RowMajor, cutlass::arch::OpMultiplyAdd, bool>, float, cutlass::layout::RowMajor, cutlass::gemm::warp::MmaSimtPolicy<cutlass::MatrixShape<int=4, int=8>, cutlass::layout::RowMajorInterleaved<int=2>, cutlass::gemm::GemmShape<int=4, int=4, int=1>>>, cutlass::epilogue::threadblock::SharedLoadIterator<cutlass::epilogue::threadblock::OutputTileOptimalThreadMap<cutlass::epilogue::threadblock::OutputTileShape<int=128, int=1, int=4, int=4, int=1>::CompactedThreadMap, cutlass::epilogue::threadblock::OutputTileShape<int=1, int=4, int=2, int=1, int=8>, int=256, int=1, int=32>, float, int=4>, cutlass::epilogue::thread::LinearCombination<float",31064
22.835526,0.001472,,,,,,,,,,112,72.562176,"Pageable","Device","Tesla V100-PCIE-32GB (0)","1","7","[CUDA memcpy HtoD]",31084
22.843525,0.020288,2048,1,1,384,1,1,16,0.000000,0.000000,,,,,"Tesla V100-PCIE-32GB (0)","1","7","void scal_kernel_val<double, double>(cublasScalParamsVal<double, double>)",31198
22.843989,39.083309,6,3528,1,256,1,1,124,0.000000,16.250000,,,,,"Tesla V100-PCIE-32GB (0)","1","7","void cutlass::Kernel<cutlass::gemm::kernel::Gemm<cutlass::gemm::threadblock::MmaPipelined<cutlass::gemm::GemmShape<int=128, int=128, int=8>, cutlass::transform::threadblock::PredicatedTileIterator<cutlass::MatrixShape<int=128, int=8>, float, cutlass::layout::RowMajor, int=1, cutlass::transform::PitchLinearStripminedThreadMap<cutlass::layout::PitchLinearShape<int=8, int=128>, int=256, int=1>, int=1>, cutlass::transform::threadblock::RegularTileIterator<cutlass::MatrixShape<int=128, int=8>, float, cutlass::layout::ColumnMajor, int=1, cutlass::transform::TransposePitchLinearThreadMapSimt<cutlass::transform::PitchLinearStripminedThreadMap<cutlass::layout::PitchLinearShape<int=8, int=128>, int=256, int=1>>, int=4>, cutlass::transform::threadblock::PredicatedTileIterator<cutlass::MatrixShape<int=8, int=128>, float, cutlass::layout::RowMajor, int=0, cutlass::transform::PitchLinearStripminedThreadMap<cutlass::layout::PitchLinearShape<int=128, int=8>, int=256, int=1>, int=1>, cutlass::transform::threadblock::RegularTileIterator<cutlass::MatrixShape<int=8, int=128>, float, cutlass::layout::RowMajor, int=0, cutlass::transform::PitchLinearStripminedThreadMap<cutlass::layout::PitchLinearShape<int=128, int=8>, int=256, int=1>, int=4>, float, cutlass::layout::RowMajor, cutlass::gemm::threadblock::MmaPolicy<cutlass::gemm::warp::MmaSimt<cutlass::gemm::GemmShape<int=32, int=64, int=8>, float, cutlass::layout::ColumnMajor, float, cutlass::layout::RowMajor, float, cutlass::layout::RowMajor, cutlass::gemm::warp::MmaSimtPolicy<cutlass::MatrixShape<int=4, int=8>, cutlass::layout::RowMajorInterleaved<int=2>, cutlass::gemm::GemmShape<int=4, int=4, int=1>>, int=1, bool>, cutlass::MatrixShape<int=4, int=0>, cutlass::MatrixShape<int=0, int=0>, int=1>, cutlass::NumericArrayConverter<float, float, int=4, cutlass::FloatRoundStyle>, cutlass::NumericArrayConverter<float, float, int=4, cutlass::FloatRoundStyle>, bool>, cutlass::epilogue::threadblock::Epilogue<cutlass::gemm::GemmShape<int=128, int=128, int=8>, cutlass::gemm::warp::MmaSimt<cutlass::gemm::GemmShape<int=32, int=64, int=8>, float, cutlass::layout::ColumnMajor, float, cutlass::layout::RowMajor, float, cutlass::layout::RowMajor, cutlass::gemm::warp::MmaSimtPolicy<cutlass::MatrixShape<int=4, int=8>, cutlass::layout::RowMajorInterleaved<int=2>, cutlass::gemm::GemmShape<int=4, int=4, int=1>>, int=1, bool>, int=1, cutlass::epilogue::threadblock::PredicatedTileIterator<cutlass::epilogue::threadblock::OutputTileOptimalThreadMap<cutlass::epilogue::threadblock::OutputTileShape<int=128, int=1, int=4, int=4, int=1>, cutlass::epilogue::threadblock::OutputTileShape<int=1, int=4, int=2, int=1, int=8>, int=256, int=1, int=32>, float>, cutlass::epilogue::warp::FragmentIteratorSimt<cutlass::gemm::GemmShape<int=32, int=64, int=8>, cutlass::gemm::thread::Mma<cutlass::gemm::GemmShape<int=8, int=8, int=1>, float, cutlass::layout::ColumnMajor, float, cutlass::layout::RowMajor, float, cutlass::layout::RowMajor, cutlass::arch::OpMultiplyAdd, bool>, cutlass::layout::RowMajor, cutlass::gemm::warp::MmaSimtPolicy<cutlass::MatrixShape<int=4, int=8>, cutlass::layout::RowMajorInterleaved<int=2>, cutlass::gemm::GemmShape<int=4, int=4, int=1>>>, cutlass::epilogue::warp::TileIteratorSimt<cutlass::gemm::GemmShape<int=32, int=64, int=8>, cutlass::gemm::thread::Mma<cutlass::gemm::GemmShape<int=8, int=8, int=1>, float, cutlass::layout::ColumnMajor, float, cutlass::layout::RowMajor, float, cutlass::layout::RowMajor, cutlass::arch::OpMultiplyAdd, bool>, float, cutlass::layout::RowMajor, cutlass::gemm::warp::MmaSimtPolicy<cutlass::MatrixShape<int=4, int=8>, cutlass::layout::RowMajorInterleaved<int=2>, cutlass::gemm::GemmShape<int=4, int=4, int=1>>>, cutlass::epilogue::threadblock::SharedLoadIterator<cutlass::epilogue::threadblock::OutputTileOptimalThreadMap<cutlass::epilogue::threadblock::OutputTileShape<int=128, int=1, int=4, int=4, int=1>::CompactedThreadMap, cutlass::epilogue::threadblock::OutputTileShape<int=1, int=4, int=2, int=1, int=8>, int=256, int=1, int=32>, float, int=4>, cutlass::epilogue::thread::LinearCombination<float",31227
22.883082,0.001472,,,,,,,,,,112,72.562176,"Pageable","Device","Tesla V100-PCIE-32GB (0)","1","7","[CUDA memcpy HtoD]",31247
22.883888,0.020384,2048,1,1,384,1,1,16,0.000000,0.000000,,,,,"Tesla V100-PCIE-32GB (0)","1","7","void scal_kernel_val<double, double>(cublasScalParamsVal<double, double>)",31361
22.884909,39.083021,6,3528,1,256,1,1,124,0.000000,16.250000,,,,,"Tesla V100-PCIE-32GB (0)","1","7","void cutlass::Kernel<cutlass::gemm::kernel::Gemm<cutlass::gemm::threadblock::MmaPipelined<cutlass::gemm::GemmShape<int=128, int=128, int=8>, cutlass::transform::threadblock::PredicatedTileIterator<cutlass::MatrixShape<int=128, int=8>, float, cutlass::layout::RowMajor, int=1, cutlass::transform::PitchLinearStripminedThreadMap<cutlass::layout::PitchLinearShape<int=8, int=128>, int=256, int=1>, int=1>, cutlass::transform::threadblock::RegularTileIterator<cutlass::MatrixShape<int=128, int=8>, float, cutlass::layout::ColumnMajor, int=1, cutlass::transform::TransposePitchLinearThreadMapSimt<cutlass::transform::PitchLinearStripminedThreadMap<cutlass::layout::PitchLinearShape<int=8, int=128>, int=256, int=1>>, int=4>, cutlass::transform::threadblock::PredicatedTileIterator<cutlass::MatrixShape<int=8, int=128>, float, cutlass::layout::RowMajor, int=0, cutlass::transform::PitchLinearStripminedThreadMap<cutlass::layout::PitchLinearShape<int=128, int=8>, int=256, int=1>, int=1>, cutlass::transform::threadblock::RegularTileIterator<cutlass::MatrixShape<int=8, int=128>, float, cutlass::layout::RowMajor, int=0, cutlass::transform::PitchLinearStripminedThreadMap<cutlass::layout::PitchLinearShape<int=128, int=8>, int=256, int=1>, int=4>, float, cutlass::layout::RowMajor, cutlass::gemm::threadblock::MmaPolicy<cutlass::gemm::warp::MmaSimt<cutlass::gemm::GemmShape<int=32, int=64, int=8>, float, cutlass::layout::ColumnMajor, float, cutlass::layout::RowMajor, float, cutlass::layout::RowMajor, cutlass::gemm::warp::MmaSimtPolicy<cutlass::MatrixShape<int=4, int=8>, cutlass::layout::RowMajorInterleaved<int=2>, cutlass::gemm::GemmShape<int=4, int=4, int=1>>, int=1, bool>, cutlass::MatrixShape<int=4, int=0>, cutlass::MatrixShape<int=0, int=0>, int=1>, cutlass::NumericArrayConverter<float, float, int=4, cutlass::FloatRoundStyle>, cutlass::NumericArrayConverter<float, float, int=4, cutlass::FloatRoundStyle>, bool>, cutlass::epilogue::threadblock::Epilogue<cutlass::gemm::GemmShape<int=128, int=128, int=8>, cutlass::gemm::warp::MmaSimt<cutlass::gemm::GemmShape<int=32, int=64, int=8>, float, cutlass::layout::ColumnMajor, float, cutlass::layout::RowMajor, float, cutlass::layout::RowMajor, cutlass::gemm::warp::MmaSimtPolicy<cutlass::MatrixShape<int=4, int=8>, cutlass::layout::RowMajorInterleaved<int=2>, cutlass::gemm::GemmShape<int=4, int=4, int=1>>, int=1, bool>, int=1, cutlass::epilogue::threadblock::PredicatedTileIterator<cutlass::epilogue::threadblock::OutputTileOptimalThreadMap<cutlass::epilogue::threadblock::OutputTileShape<int=128, int=1, int=4, int=4, int=1>, cutlass::epilogue::threadblock::OutputTileShape<int=1, int=4, int=2, int=1, int=8>, int=256, int=1, int=32>, float>, cutlass::epilogue::warp::FragmentIteratorSimt<cutlass::gemm::GemmShape<int=32, int=64, int=8>, cutlass::gemm::thread::Mma<cutlass::gemm::GemmShape<int=8, int=8, int=1>, float, cutlass::layout::ColumnMajor, float, cutlass::layout::RowMajor, float, cutlass::layout::RowMajor, cutlass::arch::OpMultiplyAdd, bool>, cutlass::layout::RowMajor, cutlass::gemm::warp::MmaSimtPolicy<cutlass::MatrixShape<int=4, int=8>, cutlass::layout::RowMajorInterleaved<int=2>, cutlass::gemm::GemmShape<int=4, int=4, int=1>>>, cutlass::epilogue::warp::TileIteratorSimt<cutlass::gemm::GemmShape<int=32, int=64, int=8>, cutlass::gemm::thread::Mma<cutlass::gemm::GemmShape<int=8, int=8, int=1>, float, cutlass::layout::ColumnMajor, float, cutlass::layout::RowMajor, float, cutlass::layout::RowMajor, cutlass::arch::OpMultiplyAdd, bool>, float, cutlass::layout::RowMajor, cutlass::gemm::warp::MmaSimtPolicy<cutlass::MatrixShape<int=4, int=8>, cutlass::layout::RowMajorInterleaved<int=2>, cutlass::gemm::GemmShape<int=4, int=4, int=1>>>, cutlass::epilogue::threadblock::SharedLoadIterator<cutlass::epilogue::threadblock::OutputTileOptimalThreadMap<cutlass::epilogue::threadblock::OutputTileShape<int=128, int=1, int=4, int=4, int=1>::CompactedThreadMap, cutlass::epilogue::threadblock::OutputTileShape<int=1, int=4, int=2, int=1, int=8>, int=256, int=1, int=32>, float, int=4>, cutlass::epilogue::thread::LinearCombination<float",31390
22.924002,0.001472,,,,,,,,,,112,72.562176,"Pageable","Device","Tesla V100-PCIE-32GB (0)","1","7","[CUDA memcpy HtoD]",31410
22.924687,0.020607,2048,1,1,384,1,1,16,0.000000,0.000000,,,,,"Tesla V100-PCIE-32GB (0)","1","7","void scal_kernel_val<double, double>(cublasScalParamsVal<double, double>)",31524
22.925696,39.082893,6,3528,1,256,1,1,124,0.000000,16.250000,,,,,"Tesla V100-PCIE-32GB (0)","1","7","void cutlass::Kernel<cutlass::gemm::kernel::Gemm<cutlass::gemm::threadblock::MmaPipelined<cutlass::gemm::GemmShape<int=128, int=128, int=8>, cutlass::transform::threadblock::PredicatedTileIterator<cutlass::MatrixShape<int=128, int=8>, float, cutlass::layout::RowMajor, int=1, cutlass::transform::PitchLinearStripminedThreadMap<cutlass::layout::PitchLinearShape<int=8, int=128>, int=256, int=1>, int=1>, cutlass::transform::threadblock::RegularTileIterator<cutlass::MatrixShape<int=128, int=8>, float, cutlass::layout::ColumnMajor, int=1, cutlass::transform::TransposePitchLinearThreadMapSimt<cutlass::transform::PitchLinearStripminedThreadMap<cutlass::layout::PitchLinearShape<int=8, int=128>, int=256, int=1>>, int=4>, cutlass::transform::threadblock::PredicatedTileIterator<cutlass::MatrixShape<int=8, int=128>, float, cutlass::layout::RowMajor, int=0, cutlass::transform::PitchLinearStripminedThreadMap<cutlass::layout::PitchLinearShape<int=128, int=8>, int=256, int=1>, int=1>, cutlass::transform::threadblock::RegularTileIterator<cutlass::MatrixShape<int=8, int=128>, float, cutlass::layout::RowMajor, int=0, cutlass::transform::PitchLinearStripminedThreadMap<cutlass::layout::PitchLinearShape<int=128, int=8>, int=256, int=1>, int=4>, float, cutlass::layout::RowMajor, cutlass::gemm::threadblock::MmaPolicy<cutlass::gemm::warp::MmaSimt<cutlass::gemm::GemmShape<int=32, int=64, int=8>, float, cutlass::layout::ColumnMajor, float, cutlass::layout::RowMajor, float, cutlass::layout::RowMajor, cutlass::gemm::warp::MmaSimtPolicy<cutlass::MatrixShape<int=4, int=8>, cutlass::layout::RowMajorInterleaved<int=2>, cutlass::gemm::GemmShape<int=4, int=4, int=1>>, int=1, bool>, cutlass::MatrixShape<int=4, int=0>, cutlass::MatrixShape<int=0, int=0>, int=1>, cutlass::NumericArrayConverter<float, float, int=4, cutlass::FloatRoundStyle>, cutlass::NumericArrayConverter<float, float, int=4, cutlass::FloatRoundStyle>, bool>, cutlass::epilogue::threadblock::Epilogue<cutlass::gemm::GemmShape<int=128, int=128, int=8>, cutlass::gemm::warp::MmaSimt<cutlass::gemm::GemmShape<int=32, int=64, int=8>, float, cutlass::layout::ColumnMajor, float, cutlass::layout::RowMajor, float, cutlass::layout::RowMajor, cutlass::gemm::warp::MmaSimtPolicy<cutlass::MatrixShape<int=4, int=8>, cutlass::layout::RowMajorInterleaved<int=2>, cutlass::gemm::GemmShape<int=4, int=4, int=1>>, int=1, bool>, int=1, cutlass::epilogue::threadblock::PredicatedTileIterator<cutlass::epilogue::threadblock::OutputTileOptimalThreadMap<cutlass::epilogue::threadblock::OutputTileShape<int=128, int=1, int=4, int=4, int=1>, cutlass::epilogue::threadblock::OutputTileShape<int=1, int=4, int=2, int=1, int=8>, int=256, int=1, int=32>, float>, cutlass::epilogue::warp::FragmentIteratorSimt<cutlass::gemm::GemmShape<int=32, int=64, int=8>, cutlass::gemm::thread::Mma<cutlass::gemm::GemmShape<int=8, int=8, int=1>, float, cutlass::layout::ColumnMajor, float, cutlass::layout::RowMajor, float, cutlass::layout::RowMajor, cutlass::arch::OpMultiplyAdd, bool>, cutlass::layout::RowMajor, cutlass::gemm::warp::MmaSimtPolicy<cutlass::MatrixShape<int=4, int=8>, cutlass::layout::RowMajorInterleaved<int=2>, cutlass::gemm::GemmShape<int=4, int=4, int=1>>>, cutlass::epilogue::warp::TileIteratorSimt<cutlass::gemm::GemmShape<int=32, int=64, int=8>, cutlass::gemm::thread::Mma<cutlass::gemm::GemmShape<int=8, int=8, int=1>, float, cutlass::layout::ColumnMajor, float, cutlass::layout::RowMajor, float, cutlass::layout::RowMajor, cutlass::arch::OpMultiplyAdd, bool>, float, cutlass::layout::RowMajor, cutlass::gemm::warp::MmaSimtPolicy<cutlass::MatrixShape<int=4, int=8>, cutlass::layout::RowMajorInterleaved<int=2>, cutlass::gemm::GemmShape<int=4, int=4, int=1>>>, cutlass::epilogue::threadblock::SharedLoadIterator<cutlass::epilogue::threadblock::OutputTileOptimalThreadMap<cutlass::epilogue::threadblock::OutputTileShape<int=128, int=1, int=4, int=4, int=1>::CompactedThreadMap, cutlass::epilogue::threadblock::OutputTileShape<int=1, int=4, int=2, int=1, int=8>, int=256, int=1, int=32>, float, int=4>, cutlass::epilogue::thread::LinearCombination<float",31553
22.964787,0.001472,,,,,,,,,,112,72.562176,"Pageable","Device","Tesla V100-PCIE-32GB (0)","1","7","[CUDA memcpy HtoD]",31573
22.965470,0.019968,2048,1,1,384,1,1,16,0.000000,0.000000,,,,,"Tesla V100-PCIE-32GB (0)","1","7","void scal_kernel_val<double, double>(cublasScalParamsVal<double, double>)",31687
22.965906,39.072429,6,3528,1,256,1,1,124,0.000000,16.250000,,,,,"Tesla V100-PCIE-32GB (0)","1","7","void cutlass::Kernel<cutlass::gemm::kernel::Gemm<cutlass::gemm::threadblock::MmaPipelined<cutlass::gemm::GemmShape<int=128, int=128, int=8>, cutlass::transform::threadblock::PredicatedTileIterator<cutlass::MatrixShape<int=128, int=8>, float, cutlass::layout::RowMajor, int=1, cutlass::transform::PitchLinearStripminedThreadMap<cutlass::layout::PitchLinearShape<int=8, int=128>, int=256, int=1>, int=1>, cutlass::transform::threadblock::RegularTileIterator<cutlass::MatrixShape<int=128, int=8>, float, cutlass::layout::ColumnMajor, int=1, cutlass::transform::TransposePitchLinearThreadMapSimt<cutlass::transform::PitchLinearStripminedThreadMap<cutlass::layout::PitchLinearShape<int=8, int=128>, int=256, int=1>>, int=4>, cutlass::transform::threadblock::PredicatedTileIterator<cutlass::MatrixShape<int=8, int=128>, float, cutlass::layout::RowMajor, int=0, cutlass::transform::PitchLinearStripminedThreadMap<cutlass::layout::PitchLinearShape<int=128, int=8>, int=256, int=1>, int=1>, cutlass::transform::threadblock::RegularTileIterator<cutlass::MatrixShape<int=8, int=128>, float, cutlass::layout::RowMajor, int=0, cutlass::transform::PitchLinearStripminedThreadMap<cutlass::layout::PitchLinearShape<int=128, int=8>, int=256, int=1>, int=4>, float, cutlass::layout::RowMajor, cutlass::gemm::threadblock::MmaPolicy<cutlass::gemm::warp::MmaSimt<cutlass::gemm::GemmShape<int=32, int=64, int=8>, float, cutlass::layout::ColumnMajor, float, cutlass::layout::RowMajor, float, cutlass::layout::RowMajor, cutlass::gemm::warp::MmaSimtPolicy<cutlass::MatrixShape<int=4, int=8>, cutlass::layout::RowMajorInterleaved<int=2>, cutlass::gemm::GemmShape<int=4, int=4, int=1>>, int=1, bool>, cutlass::MatrixShape<int=4, int=0>, cutlass::MatrixShape<int=0, int=0>, int=1>, cutlass::NumericArrayConverter<float, float, int=4, cutlass::FloatRoundStyle>, cutlass::NumericArrayConverter<float, float, int=4, cutlass::FloatRoundStyle>, bool>, cutlass::epilogue::threadblock::Epilogue<cutlass::gemm::GemmShape<int=128, int=128, int=8>, cutlass::gemm::warp::MmaSimt<cutlass::gemm::GemmShape<int=32, int=64, int=8>, float, cutlass::layout::ColumnMajor, float, cutlass::layout::RowMajor, float, cutlass::layout::RowMajor, cutlass::gemm::warp::MmaSimtPolicy<cutlass::MatrixShape<int=4, int=8>, cutlass::layout::RowMajorInterleaved<int=2>, cutlass::gemm::GemmShape<int=4, int=4, int=1>>, int=1, bool>, int=1, cutlass::epilogue::threadblock::PredicatedTileIterator<cutlass::epilogue::threadblock::OutputTileOptimalThreadMap<cutlass::epilogue::threadblock::OutputTileShape<int=128, int=1, int=4, int=4, int=1>, cutlass::epilogue::threadblock::OutputTileShape<int=1, int=4, int=2, int=1, int=8>, int=256, int=1, int=32>, float>, cutlass::epilogue::warp::FragmentIteratorSimt<cutlass::gemm::GemmShape<int=32, int=64, int=8>, cutlass::gemm::thread::Mma<cutlass::gemm::GemmShape<int=8, int=8, int=1>, float, cutlass::layout::ColumnMajor, float, cutlass::layout::RowMajor, float, cutlass::layout::RowMajor, cutlass::arch::OpMultiplyAdd, bool>, cutlass::layout::RowMajor, cutlass::gemm::warp::MmaSimtPolicy<cutlass::MatrixShape<int=4, int=8>, cutlass::layout::RowMajorInterleaved<int=2>, cutlass::gemm::GemmShape<int=4, int=4, int=1>>>, cutlass::epilogue::warp::TileIteratorSimt<cutlass::gemm::GemmShape<int=32, int=64, int=8>, cutlass::gemm::thread::Mma<cutlass::gemm::GemmShape<int=8, int=8, int=1>, float, cutlass::layout::ColumnMajor, float, cutlass::layout::RowMajor, float, cutlass::layout::RowMajor, cutlass::arch::OpMultiplyAdd, bool>, float, cutlass::layout::RowMajor, cutlass::gemm::warp::MmaSimtPolicy<cutlass::MatrixShape<int=4, int=8>, cutlass::layout::RowMajorInterleaved<int=2>, cutlass::gemm::GemmShape<int=4, int=4, int=1>>>, cutlass::epilogue::threadblock::SharedLoadIterator<cutlass::epilogue::threadblock::OutputTileOptimalThreadMap<cutlass::epilogue::threadblock::OutputTileShape<int=128, int=1, int=4, int=4, int=1>::CompactedThreadMap, cutlass::epilogue::threadblock::OutputTileShape<int=1, int=4, int=2, int=1, int=8>, int=256, int=1, int=32>, float, int=4>, cutlass::epilogue::thread::LinearCombination<float",31716
23.004988,0.001472,,,,,,,,,,112,72.562176,"Pageable","Device","Tesla V100-PCIE-32GB (0)","1","7","[CUDA memcpy HtoD]",31736
23.005670,0.020448,2048,1,1,384,1,1,16,0.000000,0.000000,,,,,"Tesla V100-PCIE-32GB (0)","1","7","void scal_kernel_val<double, double>(cublasScalParamsVal<double, double>)",31850
23.006103,39.079149,6,3528,1,256,1,1,124,0.000000,16.250000,,,,,"Tesla V100-PCIE-32GB (0)","1","7","void cutlass::Kernel<cutlass::gemm::kernel::Gemm<cutlass::gemm::threadblock::MmaPipelined<cutlass::gemm::GemmShape<int=128, int=128, int=8>, cutlass::transform::threadblock::PredicatedTileIterator<cutlass::MatrixShape<int=128, int=8>, float, cutlass::layout::RowMajor, int=1, cutlass::transform::PitchLinearStripminedThreadMap<cutlass::layout::PitchLinearShape<int=8, int=128>, int=256, int=1>, int=1>, cutlass::transform::threadblock::RegularTileIterator<cutlass::MatrixShape<int=128, int=8>, float, cutlass::layout::ColumnMajor, int=1, cutlass::transform::TransposePitchLinearThreadMapSimt<cutlass::transform::PitchLinearStripminedThreadMap<cutlass::layout::PitchLinearShape<int=8, int=128>, int=256, int=1>>, int=4>, cutlass::transform::threadblock::PredicatedTileIterator<cutlass::MatrixShape<int=8, int=128>, float, cutlass::layout::RowMajor, int=0, cutlass::transform::PitchLinearStripminedThreadMap<cutlass::layout::PitchLinearShape<int=128, int=8>, int=256, int=1>, int=1>, cutlass::transform::threadblock::RegularTileIterator<cutlass::MatrixShape<int=8, int=128>, float, cutlass::layout::RowMajor, int=0, cutlass::transform::PitchLinearStripminedThreadMap<cutlass::layout::PitchLinearShape<int=128, int=8>, int=256, int=1>, int=4>, float, cutlass::layout::RowMajor, cutlass::gemm::threadblock::MmaPolicy<cutlass::gemm::warp::MmaSimt<cutlass::gemm::GemmShape<int=32, int=64, int=8>, float, cutlass::layout::ColumnMajor, float, cutlass::layout::RowMajor, float, cutlass::layout::RowMajor, cutlass::gemm::warp::MmaSimtPolicy<cutlass::MatrixShape<int=4, int=8>, cutlass::layout::RowMajorInterleaved<int=2>, cutlass::gemm::GemmShape<int=4, int=4, int=1>>, int=1, bool>, cutlass::MatrixShape<int=4, int=0>, cutlass::MatrixShape<int=0, int=0>, int=1>, cutlass::NumericArrayConverter<float, float, int=4, cutlass::FloatRoundStyle>, cutlass::NumericArrayConverter<float, float, int=4, cutlass::FloatRoundStyle>, bool>, cutlass::epilogue::threadblock::Epilogue<cutlass::gemm::GemmShape<int=128, int=128, int=8>, cutlass::gemm::warp::MmaSimt<cutlass::gemm::GemmShape<int=32, int=64, int=8>, float, cutlass::layout::ColumnMajor, float, cutlass::layout::RowMajor, float, cutlass::layout::RowMajor, cutlass::gemm::warp::MmaSimtPolicy<cutlass::MatrixShape<int=4, int=8>, cutlass::layout::RowMajorInterleaved<int=2>, cutlass::gemm::GemmShape<int=4, int=4, int=1>>, int=1, bool>, int=1, cutlass::epilogue::threadblock::PredicatedTileIterator<cutlass::epilogue::threadblock::OutputTileOptimalThreadMap<cutlass::epilogue::threadblock::OutputTileShape<int=128, int=1, int=4, int=4, int=1>, cutlass::epilogue::threadblock::OutputTileShape<int=1, int=4, int=2, int=1, int=8>, int=256, int=1, int=32>, float>, cutlass::epilogue::warp::FragmentIteratorSimt<cutlass::gemm::GemmShape<int=32, int=64, int=8>, cutlass::gemm::thread::Mma<cutlass::gemm::GemmShape<int=8, int=8, int=1>, float, cutlass::layout::ColumnMajor, float, cutlass::layout::RowMajor, float, cutlass::layout::RowMajor, cutlass::arch::OpMultiplyAdd, bool>, cutlass::layout::RowMajor, cutlass::gemm::warp::MmaSimtPolicy<cutlass::MatrixShape<int=4, int=8>, cutlass::layout::RowMajorInterleaved<int=2>, cutlass::gemm::GemmShape<int=4, int=4, int=1>>>, cutlass::epilogue::warp::TileIteratorSimt<cutlass::gemm::GemmShape<int=32, int=64, int=8>, cutlass::gemm::thread::Mma<cutlass::gemm::GemmShape<int=8, int=8, int=1>, float, cutlass::layout::ColumnMajor, float, cutlass::layout::RowMajor, float, cutlass::layout::RowMajor, cutlass::arch::OpMultiplyAdd, bool>, float, cutlass::layout::RowMajor, cutlass::gemm::warp::MmaSimtPolicy<cutlass::MatrixShape<int=4, int=8>, cutlass::layout::RowMajorInterleaved<int=2>, cutlass::gemm::GemmShape<int=4, int=4, int=1>>>, cutlass::epilogue::threadblock::SharedLoadIterator<cutlass::epilogue::threadblock::OutputTileOptimalThreadMap<cutlass::epilogue::threadblock::OutputTileShape<int=128, int=1, int=4, int=4, int=1>::CompactedThreadMap, cutlass::epilogue::threadblock::OutputTileShape<int=1, int=4, int=2, int=1, int=8>, int=256, int=1, int=32>, float, int=4>, cutlass::epilogue::thread::LinearCombination<float",31879
23.045191,0.001472,,,,,,,,,,112,72.562176,"Pageable","Device","Tesla V100-PCIE-32GB (0)","1","7","[CUDA memcpy HtoD]",31899
23.045869,0.020863,2048,1,1,384,1,1,16,0.000000,0.000000,,,,,"Tesla V100-PCIE-32GB (0)","1","7","void scal_kernel_val<double, double>(cublasScalParamsVal<double, double>)",32013
23.046388,39.070029,6,3528,1,256,1,1,124,0.000000,16.250000,,,,,"Tesla V100-PCIE-32GB (0)","1","7","void cutlass::Kernel<cutlass::gemm::kernel::Gemm<cutlass::gemm::threadblock::MmaPipelined<cutlass::gemm::GemmShape<int=128, int=128, int=8>, cutlass::transform::threadblock::PredicatedTileIterator<cutlass::MatrixShape<int=128, int=8>, float, cutlass::layout::RowMajor, int=1, cutlass::transform::PitchLinearStripminedThreadMap<cutlass::layout::PitchLinearShape<int=8, int=128>, int=256, int=1>, int=1>, cutlass::transform::threadblock::RegularTileIterator<cutlass::MatrixShape<int=128, int=8>, float, cutlass::layout::ColumnMajor, int=1, cutlass::transform::TransposePitchLinearThreadMapSimt<cutlass::transform::PitchLinearStripminedThreadMap<cutlass::layout::PitchLinearShape<int=8, int=128>, int=256, int=1>>, int=4>, cutlass::transform::threadblock::PredicatedTileIterator<cutlass::MatrixShape<int=8, int=128>, float, cutlass::layout::RowMajor, int=0, cutlass::transform::PitchLinearStripminedThreadMap<cutlass::layout::PitchLinearShape<int=128, int=8>, int=256, int=1>, int=1>, cutlass::transform::threadblock::RegularTileIterator<cutlass::MatrixShape<int=8, int=128>, float, cutlass::layout::RowMajor, int=0, cutlass::transform::PitchLinearStripminedThreadMap<cutlass::layout::PitchLinearShape<int=128, int=8>, int=256, int=1>, int=4>, float, cutlass::layout::RowMajor, cutlass::gemm::threadblock::MmaPolicy<cutlass::gemm::warp::MmaSimt<cutlass::gemm::GemmShape<int=32, int=64, int=8>, float, cutlass::layout::ColumnMajor, float, cutlass::layout::RowMajor, float, cutlass::layout::RowMajor, cutlass::gemm::warp::MmaSimtPolicy<cutlass::MatrixShape<int=4, int=8>, cutlass::layout::RowMajorInterleaved<int=2>, cutlass::gemm::GemmShape<int=4, int=4, int=1>>, int=1, bool>, cutlass::MatrixShape<int=4, int=0>, cutlass::MatrixShape<int=0, int=0>, int=1>, cutlass::NumericArrayConverter<float, float, int=4, cutlass::FloatRoundStyle>, cutlass::NumericArrayConverter<float, float, int=4, cutlass::FloatRoundStyle>, bool>, cutlass::epilogue::threadblock::Epilogue<cutlass::gemm::GemmShape<int=128, int=128, int=8>, cutlass::gemm::warp::MmaSimt<cutlass::gemm::GemmShape<int=32, int=64, int=8>, float, cutlass::layout::ColumnMajor, float, cutlass::layout::RowMajor, float, cutlass::layout::RowMajor, cutlass::gemm::warp::MmaSimtPolicy<cutlass::MatrixShape<int=4, int=8>, cutlass::layout::RowMajorInterleaved<int=2>, cutlass::gemm::GemmShape<int=4, int=4, int=1>>, int=1, bool>, int=1, cutlass::epilogue::threadblock::PredicatedTileIterator<cutlass::epilogue::threadblock::OutputTileOptimalThreadMap<cutlass::epilogue::threadblock::OutputTileShape<int=128, int=1, int=4, int=4, int=1>, cutlass::epilogue::threadblock::OutputTileShape<int=1, int=4, int=2, int=1, int=8>, int=256, int=1, int=32>, float>, cutlass::epilogue::warp::FragmentIteratorSimt<cutlass::gemm::GemmShape<int=32, int=64, int=8>, cutlass::gemm::thread::Mma<cutlass::gemm::GemmShape<int=8, int=8, int=1>, float, cutlass::layout::ColumnMajor, float, cutlass::layout::RowMajor, float, cutlass::layout::RowMajor, cutlass::arch::OpMultiplyAdd, bool>, cutlass::layout::RowMajor, cutlass::gemm::warp::MmaSimtPolicy<cutlass::MatrixShape<int=4, int=8>, cutlass::layout::RowMajorInterleaved<int=2>, cutlass::gemm::GemmShape<int=4, int=4, int=1>>>, cutlass::epilogue::warp::TileIteratorSimt<cutlass::gemm::GemmShape<int=32, int=64, int=8>, cutlass::gemm::thread::Mma<cutlass::gemm::GemmShape<int=8, int=8, int=1>, float, cutlass::layout::ColumnMajor, float, cutlass::layout::RowMajor, float, cutlass::layout::RowMajor, cutlass::arch::OpMultiplyAdd, bool>, float, cutlass::layout::RowMajor, cutlass::gemm::warp::MmaSimtPolicy<cutlass::MatrixShape<int=4, int=8>, cutlass::layout::RowMajorInterleaved<int=2>, cutlass::gemm::GemmShape<int=4, int=4, int=1>>>, cutlass::epilogue::threadblock::SharedLoadIterator<cutlass::epilogue::threadblock::OutputTileOptimalThreadMap<cutlass::epilogue::threadblock::OutputTileShape<int=128, int=1, int=4, int=4, int=1>::CompactedThreadMap, cutlass::epilogue::threadblock::OutputTileShape<int=1, int=4, int=2, int=1, int=8>, int=256, int=1, int=32>, float, int=4>, cutlass::epilogue::thread::LinearCombination<float",32042
23.085467,0.001504,,,,,,,,,,112,71.018300,"Pageable","Device","Tesla V100-PCIE-32GB (0)","1","7","[CUDA memcpy HtoD]",32062
23.086142,0.020416,2048,1,1,384,1,1,16,0.000000,0.000000,,,,,"Tesla V100-PCIE-32GB (0)","1","7","void scal_kernel_val<double, double>(cublasScalParamsVal<double, double>)",32176
23.086718,39.084749,6,3528,1,256,1,1,124,0.000000,16.250000,,,,,"Tesla V100-PCIE-32GB (0)","1","7","void cutlass::Kernel<cutlass::gemm::kernel::Gemm<cutlass::gemm::threadblock::MmaPipelined<cutlass::gemm::GemmShape<int=128, int=128, int=8>, cutlass::transform::threadblock::PredicatedTileIterator<cutlass::MatrixShape<int=128, int=8>, float, cutlass::layout::RowMajor, int=1, cutlass::transform::PitchLinearStripminedThreadMap<cutlass::layout::PitchLinearShape<int=8, int=128>, int=256, int=1>, int=1>, cutlass::transform::threadblock::RegularTileIterator<cutlass::MatrixShape<int=128, int=8>, float, cutlass::layout::ColumnMajor, int=1, cutlass::transform::TransposePitchLinearThreadMapSimt<cutlass::transform::PitchLinearStripminedThreadMap<cutlass::layout::PitchLinearShape<int=8, int=128>, int=256, int=1>>, int=4>, cutlass::transform::threadblock::PredicatedTileIterator<cutlass::MatrixShape<int=8, int=128>, float, cutlass::layout::RowMajor, int=0, cutlass::transform::PitchLinearStripminedThreadMap<cutlass::layout::PitchLinearShape<int=128, int=8>, int=256, int=1>, int=1>, cutlass::transform::threadblock::RegularTileIterator<cutlass::MatrixShape<int=8, int=128>, float, cutlass::layout::RowMajor, int=0, cutlass::transform::PitchLinearStripminedThreadMap<cutlass::layout::PitchLinearShape<int=128, int=8>, int=256, int=1>, int=4>, float, cutlass::layout::RowMajor, cutlass::gemm::threadblock::MmaPolicy<cutlass::gemm::warp::MmaSimt<cutlass::gemm::GemmShape<int=32, int=64, int=8>, float, cutlass::layout::ColumnMajor, float, cutlass::layout::RowMajor, float, cutlass::layout::RowMajor, cutlass::gemm::warp::MmaSimtPolicy<cutlass::MatrixShape<int=4, int=8>, cutlass::layout::RowMajorInterleaved<int=2>, cutlass::gemm::GemmShape<int=4, int=4, int=1>>, int=1, bool>, cutlass::MatrixShape<int=4, int=0>, cutlass::MatrixShape<int=0, int=0>, int=1>, cutlass::NumericArrayConverter<float, float, int=4, cutlass::FloatRoundStyle>, cutlass::NumericArrayConverter<float, float, int=4, cutlass::FloatRoundStyle>, bool>, cutlass::epilogue::threadblock::Epilogue<cutlass::gemm::GemmShape<int=128, int=128, int=8>, cutlass::gemm::warp::MmaSimt<cutlass::gemm::GemmShape<int=32, int=64, int=8>, float, cutlass::layout::ColumnMajor, float, cutlass::layout::RowMajor, float, cutlass::layout::RowMajor, cutlass::gemm::warp::MmaSimtPolicy<cutlass::MatrixShape<int=4, int=8>, cutlass::layout::RowMajorInterleaved<int=2>, cutlass::gemm::GemmShape<int=4, int=4, int=1>>, int=1, bool>, int=1, cutlass::epilogue::threadblock::PredicatedTileIterator<cutlass::epilogue::threadblock::OutputTileOptimalThreadMap<cutlass::epilogue::threadblock::OutputTileShape<int=128, int=1, int=4, int=4, int=1>, cutlass::epilogue::threadblock::OutputTileShape<int=1, int=4, int=2, int=1, int=8>, int=256, int=1, int=32>, float>, cutlass::epilogue::warp::FragmentIteratorSimt<cutlass::gemm::GemmShape<int=32, int=64, int=8>, cutlass::gemm::thread::Mma<cutlass::gemm::GemmShape<int=8, int=8, int=1>, float, cutlass::layout::ColumnMajor, float, cutlass::layout::RowMajor, float, cutlass::layout::RowMajor, cutlass::arch::OpMultiplyAdd, bool>, cutlass::layout::RowMajor, cutlass::gemm::warp::MmaSimtPolicy<cutlass::MatrixShape<int=4, int=8>, cutlass::layout::RowMajorInterleaved<int=2>, cutlass::gemm::GemmShape<int=4, int=4, int=1>>>, cutlass::epilogue::warp::TileIteratorSimt<cutlass::gemm::GemmShape<int=32, int=64, int=8>, cutlass::gemm::thread::Mma<cutlass::gemm::GemmShape<int=8, int=8, int=1>, float, cutlass::layout::ColumnMajor, float, cutlass::layout::RowMajor, float, cutlass::layout::RowMajor, cutlass::arch::OpMultiplyAdd, bool>, float, cutlass::layout::RowMajor, cutlass::gemm::warp::MmaSimtPolicy<cutlass::MatrixShape<int=4, int=8>, cutlass::layout::RowMajorInterleaved<int=2>, cutlass::gemm::GemmShape<int=4, int=4, int=1>>>, cutlass::epilogue::threadblock::SharedLoadIterator<cutlass::epilogue::threadblock::OutputTileOptimalThreadMap<cutlass::epilogue::threadblock::OutputTileShape<int=128, int=1, int=4, int=4, int=1>::CompactedThreadMap, cutlass::epilogue::threadblock::OutputTileShape<int=1, int=4, int=2, int=1, int=8>, int=256, int=1, int=32>, float, int=4>, cutlass::epilogue::thread::LinearCombination<float",32205
23.125813,0.001472,,,,,,,,,,112,72.562176,"Pageable","Device","Tesla V100-PCIE-32GB (0)","1","7","[CUDA memcpy HtoD]",32225
23.126681,0.020192,2048,1,1,384,1,1,16,0.000000,0.000000,,,,,"Tesla V100-PCIE-32GB (0)","1","7","void scal_kernel_val<double, double>(cublasScalParamsVal<double, double>)",32339
23.127099,39.074157,6,3528,1,256,1,1,124,0.000000,16.250000,,,,,"Tesla V100-PCIE-32GB (0)","1","7","void cutlass::Kernel<cutlass::gemm::kernel::Gemm<cutlass::gemm::threadblock::MmaPipelined<cutlass::gemm::GemmShape<int=128, int=128, int=8>, cutlass::transform::threadblock::PredicatedTileIterator<cutlass::MatrixShape<int=128, int=8>, float, cutlass::layout::RowMajor, int=1, cutlass::transform::PitchLinearStripminedThreadMap<cutlass::layout::PitchLinearShape<int=8, int=128>, int=256, int=1>, int=1>, cutlass::transform::threadblock::RegularTileIterator<cutlass::MatrixShape<int=128, int=8>, float, cutlass::layout::ColumnMajor, int=1, cutlass::transform::TransposePitchLinearThreadMapSimt<cutlass::transform::PitchLinearStripminedThreadMap<cutlass::layout::PitchLinearShape<int=8, int=128>, int=256, int=1>>, int=4>, cutlass::transform::threadblock::PredicatedTileIterator<cutlass::MatrixShape<int=8, int=128>, float, cutlass::layout::RowMajor, int=0, cutlass::transform::PitchLinearStripminedThreadMap<cutlass::layout::PitchLinearShape<int=128, int=8>, int=256, int=1>, int=1>, cutlass::transform::threadblock::RegularTileIterator<cutlass::MatrixShape<int=8, int=128>, float, cutlass::layout::RowMajor, int=0, cutlass::transform::PitchLinearStripminedThreadMap<cutlass::layout::PitchLinearShape<int=128, int=8>, int=256, int=1>, int=4>, float, cutlass::layout::RowMajor, cutlass::gemm::threadblock::MmaPolicy<cutlass::gemm::warp::MmaSimt<cutlass::gemm::GemmShape<int=32, int=64, int=8>, float, cutlass::layout::ColumnMajor, float, cutlass::layout::RowMajor, float, cutlass::layout::RowMajor, cutlass::gemm::warp::MmaSimtPolicy<cutlass::MatrixShape<int=4, int=8>, cutlass::layout::RowMajorInterleaved<int=2>, cutlass::gemm::GemmShape<int=4, int=4, int=1>>, int=1, bool>, cutlass::MatrixShape<int=4, int=0>, cutlass::MatrixShape<int=0, int=0>, int=1>, cutlass::NumericArrayConverter<float, float, int=4, cutlass::FloatRoundStyle>, cutlass::NumericArrayConverter<float, float, int=4, cutlass::FloatRoundStyle>, bool>, cutlass::epilogue::threadblock::Epilogue<cutlass::gemm::GemmShape<int=128, int=128, int=8>, cutlass::gemm::warp::MmaSimt<cutlass::gemm::GemmShape<int=32, int=64, int=8>, float, cutlass::layout::ColumnMajor, float, cutlass::layout::RowMajor, float, cutlass::layout::RowMajor, cutlass::gemm::warp::MmaSimtPolicy<cutlass::MatrixShape<int=4, int=8>, cutlass::layout::RowMajorInterleaved<int=2>, cutlass::gemm::GemmShape<int=4, int=4, int=1>>, int=1, bool>, int=1, cutlass::epilogue::threadblock::PredicatedTileIterator<cutlass::epilogue::threadblock::OutputTileOptimalThreadMap<cutlass::epilogue::threadblock::OutputTileShape<int=128, int=1, int=4, int=4, int=1>, cutlass::epilogue::threadblock::OutputTileShape<int=1, int=4, int=2, int=1, int=8>, int=256, int=1, int=32>, float>, cutlass::epilogue::warp::FragmentIteratorSimt<cutlass::gemm::GemmShape<int=32, int=64, int=8>, cutlass::gemm::thread::Mma<cutlass::gemm::GemmShape<int=8, int=8, int=1>, float, cutlass::layout::ColumnMajor, float, cutlass::layout::RowMajor, float, cutlass::layout::RowMajor, cutlass::arch::OpMultiplyAdd, bool>, cutlass::layout::RowMajor, cutlass::gemm::warp::MmaSimtPolicy<cutlass::MatrixShape<int=4, int=8>, cutlass::layout::RowMajorInterleaved<int=2>, cutlass::gemm::GemmShape<int=4, int=4, int=1>>>, cutlass::epilogue::warp::TileIteratorSimt<cutlass::gemm::GemmShape<int=32, int=64, int=8>, cutlass::gemm::thread::Mma<cutlass::gemm::GemmShape<int=8, int=8, int=1>, float, cutlass::layout::ColumnMajor, float, cutlass::layout::RowMajor, float, cutlass::layout::RowMajor, cutlass::arch::OpMultiplyAdd, bool>, float, cutlass::layout::RowMajor, cutlass::gemm::warp::MmaSimtPolicy<cutlass::MatrixShape<int=4, int=8>, cutlass::layout::RowMajorInterleaved<int=2>, cutlass::gemm::GemmShape<int=4, int=4, int=1>>>, cutlass::epilogue::threadblock::SharedLoadIterator<cutlass::epilogue::threadblock::OutputTileOptimalThreadMap<cutlass::epilogue::threadblock::OutputTileShape<int=128, int=1, int=4, int=4, int=1>::CompactedThreadMap, cutlass::epilogue::threadblock::OutputTileShape<int=1, int=4, int=2, int=1, int=8>, int=256, int=1, int=32>, float, int=4>, cutlass::epilogue::thread::LinearCombination<float",32368
23.166183,0.001472,,,,,,,,,,112,72.562176,"Pageable","Device","Tesla V100-PCIE-32GB (0)","1","7","[CUDA memcpy HtoD]",32388
23.166922,0.020096,2048,1,1,384,1,1,16,0.000000,0.000000,,,,,"Tesla V100-PCIE-32GB (0)","1","7","void scal_kernel_val<double, double>(cublasScalParamsVal<double, double>)",32502
23.167530,39.072269,6,3528,1,256,1,1,124,0.000000,16.250000,,,,,"Tesla V100-PCIE-32GB (0)","1","7","void cutlass::Kernel<cutlass::gemm::kernel::Gemm<cutlass::gemm::threadblock::MmaPipelined<cutlass::gemm::GemmShape<int=128, int=128, int=8>, cutlass::transform::threadblock::PredicatedTileIterator<cutlass::MatrixShape<int=128, int=8>, float, cutlass::layout::RowMajor, int=1, cutlass::transform::PitchLinearStripminedThreadMap<cutlass::layout::PitchLinearShape<int=8, int=128>, int=256, int=1>, int=1>, cutlass::transform::threadblock::RegularTileIterator<cutlass::MatrixShape<int=128, int=8>, float, cutlass::layout::ColumnMajor, int=1, cutlass::transform::TransposePitchLinearThreadMapSimt<cutlass::transform::PitchLinearStripminedThreadMap<cutlass::layout::PitchLinearShape<int=8, int=128>, int=256, int=1>>, int=4>, cutlass::transform::threadblock::PredicatedTileIterator<cutlass::MatrixShape<int=8, int=128>, float, cutlass::layout::RowMajor, int=0, cutlass::transform::PitchLinearStripminedThreadMap<cutlass::layout::PitchLinearShape<int=128, int=8>, int=256, int=1>, int=1>, cutlass::transform::threadblock::RegularTileIterator<cutlass::MatrixShape<int=8, int=128>, float, cutlass::layout::RowMajor, int=0, cutlass::transform::PitchLinearStripminedThreadMap<cutlass::layout::PitchLinearShape<int=128, int=8>, int=256, int=1>, int=4>, float, cutlass::layout::RowMajor, cutlass::gemm::threadblock::MmaPolicy<cutlass::gemm::warp::MmaSimt<cutlass::gemm::GemmShape<int=32, int=64, int=8>, float, cutlass::layout::ColumnMajor, float, cutlass::layout::RowMajor, float, cutlass::layout::RowMajor, cutlass::gemm::warp::MmaSimtPolicy<cutlass::MatrixShape<int=4, int=8>, cutlass::layout::RowMajorInterleaved<int=2>, cutlass::gemm::GemmShape<int=4, int=4, int=1>>, int=1, bool>, cutlass::MatrixShape<int=4, int=0>, cutlass::MatrixShape<int=0, int=0>, int=1>, cutlass::NumericArrayConverter<float, float, int=4, cutlass::FloatRoundStyle>, cutlass::NumericArrayConverter<float, float, int=4, cutlass::FloatRoundStyle>, bool>, cutlass::epilogue::threadblock::Epilogue<cutlass::gemm::GemmShape<int=128, int=128, int=8>, cutlass::gemm::warp::MmaSimt<cutlass::gemm::GemmShape<int=32, int=64, int=8>, float, cutlass::layout::ColumnMajor, float, cutlass::layout::RowMajor, float, cutlass::layout::RowMajor, cutlass::gemm::warp::MmaSimtPolicy<cutlass::MatrixShape<int=4, int=8>, cutlass::layout::RowMajorInterleaved<int=2>, cutlass::gemm::GemmShape<int=4, int=4, int=1>>, int=1, bool>, int=1, cutlass::epilogue::threadblock::PredicatedTileIterator<cutlass::epilogue::threadblock::OutputTileOptimalThreadMap<cutlass::epilogue::threadblock::OutputTileShape<int=128, int=1, int=4, int=4, int=1>, cutlass::epilogue::threadblock::OutputTileShape<int=1, int=4, int=2, int=1, int=8>, int=256, int=1, int=32>, float>, cutlass::epilogue::warp::FragmentIteratorSimt<cutlass::gemm::GemmShape<int=32, int=64, int=8>, cutlass::gemm::thread::Mma<cutlass::gemm::GemmShape<int=8, int=8, int=1>, float, cutlass::layout::ColumnMajor, float, cutlass::layout::RowMajor, float, cutlass::layout::RowMajor, cutlass::arch::OpMultiplyAdd, bool>, cutlass::layout::RowMajor, cutlass::gemm::warp::MmaSimtPolicy<cutlass::MatrixShape<int=4, int=8>, cutlass::layout::RowMajorInterleaved<int=2>, cutlass::gemm::GemmShape<int=4, int=4, int=1>>>, cutlass::epilogue::warp::TileIteratorSimt<cutlass::gemm::GemmShape<int=32, int=64, int=8>, cutlass::gemm::thread::Mma<cutlass::gemm::GemmShape<int=8, int=8, int=1>, float, cutlass::layout::ColumnMajor, float, cutlass::layout::RowMajor, float, cutlass::layout::RowMajor, cutlass::arch::OpMultiplyAdd, bool>, float, cutlass::layout::RowMajor, cutlass::gemm::warp::MmaSimtPolicy<cutlass::MatrixShape<int=4, int=8>, cutlass::layout::RowMajorInterleaved<int=2>, cutlass::gemm::GemmShape<int=4, int=4, int=1>>>, cutlass::epilogue::threadblock::SharedLoadIterator<cutlass::epilogue::threadblock::OutputTileOptimalThreadMap<cutlass::epilogue::threadblock::OutputTileShape<int=128, int=1, int=4, int=4, int=1>::CompactedThreadMap, cutlass::epilogue::threadblock::OutputTileShape<int=1, int=4, int=2, int=1, int=8>, int=256, int=1, int=32>, float, int=4>, cutlass::epilogue::thread::LinearCombination<float",32531
23.206611,0.001472,,,,,,,,,,112,72.562176,"Pageable","Device","Tesla V100-PCIE-32GB (0)","1","7","[CUDA memcpy HtoD]",32551
23.207293,0.020447,2048,1,1,384,1,1,16,0.000000,0.000000,,,,,"Tesla V100-PCIE-32GB (0)","1","7","void scal_kernel_val<double, double>(cublasScalParamsVal<double, double>)",32665
23.207710,39.081900,6,3528,1,256,1,1,124,0.000000,16.250000,,,,,"Tesla V100-PCIE-32GB (0)","1","7","void cutlass::Kernel<cutlass::gemm::kernel::Gemm<cutlass::gemm::threadblock::MmaPipelined<cutlass::gemm::GemmShape<int=128, int=128, int=8>, cutlass::transform::threadblock::PredicatedTileIterator<cutlass::MatrixShape<int=128, int=8>, float, cutlass::layout::RowMajor, int=1, cutlass::transform::PitchLinearStripminedThreadMap<cutlass::layout::PitchLinearShape<int=8, int=128>, int=256, int=1>, int=1>, cutlass::transform::threadblock::RegularTileIterator<cutlass::MatrixShape<int=128, int=8>, float, cutlass::layout::ColumnMajor, int=1, cutlass::transform::TransposePitchLinearThreadMapSimt<cutlass::transform::PitchLinearStripminedThreadMap<cutlass::layout::PitchLinearShape<int=8, int=128>, int=256, int=1>>, int=4>, cutlass::transform::threadblock::PredicatedTileIterator<cutlass::MatrixShape<int=8, int=128>, float, cutlass::layout::RowMajor, int=0, cutlass::transform::PitchLinearStripminedThreadMap<cutlass::layout::PitchLinearShape<int=128, int=8>, int=256, int=1>, int=1>, cutlass::transform::threadblock::RegularTileIterator<cutlass::MatrixShape<int=8, int=128>, float, cutlass::layout::RowMajor, int=0, cutlass::transform::PitchLinearStripminedThreadMap<cutlass::layout::PitchLinearShape<int=128, int=8>, int=256, int=1>, int=4>, float, cutlass::layout::RowMajor, cutlass::gemm::threadblock::MmaPolicy<cutlass::gemm::warp::MmaSimt<cutlass::gemm::GemmShape<int=32, int=64, int=8>, float, cutlass::layout::ColumnMajor, float, cutlass::layout::RowMajor, float, cutlass::layout::RowMajor, cutlass::gemm::warp::MmaSimtPolicy<cutlass::MatrixShape<int=4, int=8>, cutlass::layout::RowMajorInterleaved<int=2>, cutlass::gemm::GemmShape<int=4, int=4, int=1>>, int=1, bool>, cutlass::MatrixShape<int=4, int=0>, cutlass::MatrixShape<int=0, int=0>, int=1>, cutlass::NumericArrayConverter<float, float, int=4, cutlass::FloatRoundStyle>, cutlass::NumericArrayConverter<float, float, int=4, cutlass::FloatRoundStyle>, bool>, cutlass::epilogue::threadblock::Epilogue<cutlass::gemm::GemmShape<int=128, int=128, int=8>, cutlass::gemm::warp::MmaSimt<cutlass::gemm::GemmShape<int=32, int=64, int=8>, float, cutlass::layout::ColumnMajor, float, cutlass::layout::RowMajor, float, cutlass::layout::RowMajor, cutlass::gemm::warp::MmaSimtPolicy<cutlass::MatrixShape<int=4, int=8>, cutlass::layout::RowMajorInterleaved<int=2>, cutlass::gemm::GemmShape<int=4, int=4, int=1>>, int=1, bool>, int=1, cutlass::epilogue::threadblock::PredicatedTileIterator<cutlass::epilogue::threadblock::OutputTileOptimalThreadMap<cutlass::epilogue::threadblock::OutputTileShape<int=128, int=1, int=4, int=4, int=1>, cutlass::epilogue::threadblock::OutputTileShape<int=1, int=4, int=2, int=1, int=8>, int=256, int=1, int=32>, float>, cutlass::epilogue::warp::FragmentIteratorSimt<cutlass::gemm::GemmShape<int=32, int=64, int=8>, cutlass::gemm::thread::Mma<cutlass::gemm::GemmShape<int=8, int=8, int=1>, float, cutlass::layout::ColumnMajor, float, cutlass::layout::RowMajor, float, cutlass::layout::RowMajor, cutlass::arch::OpMultiplyAdd, bool>, cutlass::layout::RowMajor, cutlass::gemm::warp::MmaSimtPolicy<cutlass::MatrixShape<int=4, int=8>, cutlass::layout::RowMajorInterleaved<int=2>, cutlass::gemm::GemmShape<int=4, int=4, int=1>>>, cutlass::epilogue::warp::TileIteratorSimt<cutlass::gemm::GemmShape<int=32, int=64, int=8>, cutlass::gemm::thread::Mma<cutlass::gemm::GemmShape<int=8, int=8, int=1>, float, cutlass::layout::ColumnMajor, float, cutlass::layout::RowMajor, float, cutlass::layout::RowMajor, cutlass::arch::OpMultiplyAdd, bool>, float, cutlass::layout::RowMajor, cutlass::gemm::warp::MmaSimtPolicy<cutlass::MatrixShape<int=4, int=8>, cutlass::layout::RowMajorInterleaved<int=2>, cutlass::gemm::GemmShape<int=4, int=4, int=1>>>, cutlass::epilogue::threadblock::SharedLoadIterator<cutlass::epilogue::threadblock::OutputTileOptimalThreadMap<cutlass::epilogue::threadblock::OutputTileShape<int=128, int=1, int=4, int=4, int=1>::CompactedThreadMap, cutlass::epilogue::threadblock::OutputTileShape<int=1, int=4, int=2, int=1, int=8>, int=256, int=1, int=32>, float, int=4>, cutlass::epilogue::thread::LinearCombination<float",32694
23.246800,0.001472,,,,,,,,,,112,72.562176,"Pageable","Device","Tesla V100-PCIE-32GB (0)","1","7","[CUDA memcpy HtoD]",32714
23.247453,0.020288,2048,1,1,384,1,1,16,0.000000,0.000000,,,,,"Tesla V100-PCIE-32GB (0)","1","7","void scal_kernel_val<double, double>(cublasScalParamsVal<double, double>)",32828
25.646312,38.583346,3528,6,1,256,1,1,122,16.250000,0.000000,,,,,"Tesla V100-PCIE-32GB (0)","1","7","cosmaSgemm_kernel(float const *, int, float const *, int, float*, int)",32889
25.684906,0.001472,,,,,,,,,,112,72.562176,"Pageable","Device","Tesla V100-PCIE-32GB (0)","1","7","[CUDA memcpy HtoD]",32908
25.687033,0.018048,2048,1,1,384,1,1,16,0.000000,0.000000,,,,,"Tesla V100-PCIE-32GB (0)","1","7","void scal_kernel_val<double, double>(cublasScalParamsVal<double, double>)",33022
25.687690,38.514387,3528,6,1,256,1,1,122,16.250000,0.000000,,,,,"Tesla V100-PCIE-32GB (0)","1","7","cosmaSgemm_kernel(float const *, int, float const *, int, float*, int)",33051
25.726215,0.001472,,,,,,,,,,112,72.562176,"Pageable","Device","Tesla V100-PCIE-32GB (0)","1","7","[CUDA memcpy HtoD]",33070
25.727238,0.019232,2048,1,1,384,1,1,16,0.000000,0.000000,,,,,"Tesla V100-PCIE-32GB (0)","1","7","void scal_kernel_val<double, double>(cublasScalParamsVal<double, double>)",33184
25.727940,38.526962,3528,6,1,256,1,1,122,16.250000,0.000000,,,,,"Tesla V100-PCIE-32GB (0)","1","7","cosmaSgemm_kernel(float const *, int, float const *, int, float*, int)",33213
25.766476,0.001472,,,,,,,,,,112,72.562176,"Pageable","Device","Tesla V100-PCIE-32GB (0)","1","7","[CUDA memcpy HtoD]",33232
25.767489,0.018624,2048,1,1,384,1,1,16,0.000000,0.000000,,,,,"Tesla V100-PCIE-32GB (0)","1","7","void scal_kernel_val<double, double>(cublasScalParamsVal<double, double>)",33346
25.768326,38.527154,3528,6,1,256,1,1,122,16.250000,0.000000,,,,,"Tesla V100-PCIE-32GB (0)","1","7","cosmaSgemm_kernel(float const *, int, float const *, int, float*, int)",33375
25.806861,0.001472,,,,,,,,,,112,72.562176,"Pageable","Device","Tesla V100-PCIE-32GB (0)","1","7","[CUDA memcpy HtoD]",33394
25.807535,0.018591,2048,1,1,384,1,1,16,0.000000,0.000000,,,,,"Tesla V100-PCIE-32GB (0)","1","7","void scal_kernel_val<double, double>(cublasScalParamsVal<double, double>)",33508
25.808325,38.523090,3528,6,1,256,1,1,122,16.250000,0.000000,,,,,"Tesla V100-PCIE-32GB (0)","1","7","cosmaSgemm_kernel(float const *, int, float const *, int, float*, int)",33537
25.846856,0.001472,,,,,,,,,,112,72.562176,"Pageable","Device","Tesla V100-PCIE-32GB (0)","1","7","[CUDA memcpy HtoD]",33556
25.847607,0.017984,2048,1,1,384,1,1,16,0.000000,0.000000,,,,,"Tesla V100-PCIE-32GB (0)","1","7","void scal_kernel_val<double, double>(cublasScalParamsVal<double, double>)",33670
25.848255,38.539986,3528,6,1,256,1,1,122,16.250000,0.000000,,,,,"Tesla V100-PCIE-32GB (0)","1","7","cosmaSgemm_kernel(float const *, int, float const *, int, float*, int)",33699
25.886803,0.001472,,,,,,,,,,112,72.562176,"Pageable","Device","Tesla V100-PCIE-32GB (0)","1","7","[CUDA memcpy HtoD]",33718
25.887478,0.018880,2048,1,1,384,1,1,16,0.000000,0.000000,,,,,"Tesla V100-PCIE-32GB (0)","1","7","void scal_kernel_val<double, double>(cublasScalParamsVal<double, double>)",33832
25.887892,38.544050,3528,6,1,256,1,1,122,16.250000,0.000000,,,,,"Tesla V100-PCIE-32GB (0)","1","7","cosmaSgemm_kernel(float const *, int, float const *, int, float*, int)",33861
25.926445,0.001472,,,,,,,,,,112,72.562176,"Pageable","Device","Tesla V100-PCIE-32GB (0)","1","7","[CUDA memcpy HtoD]",33880
25.927112,0.018047,2048,1,1,384,1,1,16,0.000000,0.000000,,,,,"Tesla V100-PCIE-32GB (0)","1","7","void scal_kernel_val<double, double>(cublasScalParamsVal<double, double>)",33994
25.927550,38.551410,3528,6,1,256,1,1,122,16.250000,0.000000,,,,,"Tesla V100-PCIE-32GB (0)","1","7","cosmaSgemm_kernel(float const *, int, float const *, int, float*, int)",34023
25.966110,0.001472,,,,,,,,,,112,72.562176,"Pageable","Device","Tesla V100-PCIE-32GB (0)","1","7","[CUDA memcpy HtoD]",34042
25.966794,0.017920,2048,1,1,384,1,1,16,0.000000,0.000000,,,,,"Tesla V100-PCIE-32GB (0)","1","7","void scal_kernel_val<double, double>(cublasScalParamsVal<double, double>)",34156
25.967234,38.549298,3528,6,1,256,1,1,122,16.250000,0.000000,,,,,"Tesla V100-PCIE-32GB (0)","1","7","cosmaSgemm_kernel(float const *, int, float const *, int, float*, int)",34185
26.005792,0.001472,,,,,,,,,,112,72.562176,"Pageable","Device","Tesla V100-PCIE-32GB (0)","1","7","[CUDA memcpy HtoD]",34204
26.006459,0.018624,2048,1,1,384,1,1,16,0.000000,0.000000,,,,,"Tesla V100-PCIE-32GB (0)","1","7","void scal_kernel_val<double, double>(cublasScalParamsVal<double, double>)",34318
26.006895,38.525330,3528,6,1,256,1,1,122,16.250000,0.000000,,,,,"Tesla V100-PCIE-32GB (0)","1","7","cosmaSgemm_kernel(float const *, int, float const *, int, float*, int)",34347
26.045429,0.001472,,,,,,,,,,112,72.562176,"Pageable","Device","Tesla V100-PCIE-32GB (0)","1","7","[CUDA memcpy HtoD]",34366
26.046089,0.017760,2048,1,1,384,1,1,16,0.000000,0.000000,,,,,"Tesla V100-PCIE-32GB (0)","1","7","void scal_kernel_val<double, double>(cublasScalParamsVal<double, double>)",34480
26.046533,38.540242,3528,6,1,256,1,1,122,16.250000,0.000000,,,,,"Tesla V100-PCIE-32GB (0)","1","7","cosmaSgemm_kernel(float const *, int, float const *, int, float*, int)",34509
26.085082,0.001472,,,,,,,,,,112,72.562176,"Pageable","Device","Tesla V100-PCIE-32GB (0)","1","7","[CUDA memcpy HtoD]",34528
26.085747,0.017536,2048,1,1,384,1,1,16,0.000000,0.000000,,,,,"Tesla V100-PCIE-32GB (0)","1","7","void scal_kernel_val<double, double>(cublasScalParamsVal<double, double>)",34642
26.086183,38.539538,3528,6,1,256,1,1,122,16.250000,0.000000,,,,,"Tesla V100-PCIE-32GB (0)","1","7","cosmaSgemm_kernel(float const *, int, float const *, int, float*, int)",34671
26.124730,0.001472,,,,,,,,,,112,72.562176,"Pageable","Device","Tesla V100-PCIE-32GB (0)","1","7","[CUDA memcpy HtoD]",34690
26.125364,0.017823,2048,1,1,384,1,1,16,0.000000,0.000000,,,,,"Tesla V100-PCIE-32GB (0)","1","7","void scal_kernel_val<double, double>(cublasScalParamsVal<double, double>)",34804
26.125921,38.520851,3528,6,1,256,1,1,122,16.250000,0.000000,,,,,"Tesla V100-PCIE-32GB (0)","1","7","cosmaSgemm_kernel(float const *, int, float const *, int, float*, int)",34833
26.164450,0.001472,,,,,,,,,,112,72.562176,"Pageable","Device","Tesla V100-PCIE-32GB (0)","1","7","[CUDA memcpy HtoD]",34852
26.165079,0.018047,2048,1,1,384,1,1,16,0.000000,0.000000,,,,,"Tesla V100-PCIE-32GB (0)","1","7","void scal_kernel_val<double, double>(cublasScalParamsVal<double, double>)",34966
26.165499,38.547218,3528,6,1,256,1,1,122,16.250000,0.000000,,,,,"Tesla V100-PCIE-32GB (0)","1","7","cosmaSgemm_kernel(float const *, int, float const *, int, float*, int)",34995
26.204054,0.001472,,,,,,,,,,112,72.562176,"Pageable","Device","Tesla V100-PCIE-32GB (0)","1","7","[CUDA memcpy HtoD]",35014
26.204690,0.018719,2048,1,1,384,1,1,16,0.000000,0.000000,,,,,"Tesla V100-PCIE-32GB (0)","1","7","void scal_kernel_val<double, double>(cublasScalParamsVal<double, double>)",35128
26.205103,38.519026,3528,6,1,256,1,1,122,16.250000,0.000000,,,,,"Tesla V100-PCIE-32GB (0)","1","7","cosmaSgemm_kernel(float const *, int, float const *, int, float*, int)",35157
26.243631,0.001472,,,,,,,,,,112,72.562176,"Pageable","Device","Tesla V100-PCIE-32GB (0)","1","7","[CUDA memcpy HtoD]",35176
26.244272,0.018336,2048,1,1,384,1,1,16,0.000000,0.000000,,,,,"Tesla V100-PCIE-32GB (0)","1","7","void scal_kernel_val<double, double>(cublasScalParamsVal<double, double>)",35290
26.244709,38.533682,3528,6,1,256,1,1,122,16.250000,0.000000,,,,,"Tesla V100-PCIE-32GB (0)","1","7","cosmaSgemm_kernel(float const *, int, float const *, int, float*, int)",35319
26.283251,0.001472,,,,,,,,,,112,72.562176,"Pageable","Device","Tesla V100-PCIE-32GB (0)","1","7","[CUDA memcpy HtoD]",35338
26.283900,0.018304,2048,1,1,384,1,1,16,0.000000,0.000000,,,,,"Tesla V100-PCIE-32GB (0)","1","7","void scal_kernel_val<double, double>(cublasScalParamsVal<double, double>)",35452
26.284327,38.520562,3528,6,1,256,1,1,122,16.250000,0.000000,,,,,"Tesla V100-PCIE-32GB (0)","1","7","cosmaSgemm_kernel(float const *, int, float const *, int, float*, int)",35481
26.322857,0.001472,,,,,,,,,,112,72.562176,"Pageable","Device","Tesla V100-PCIE-32GB (0)","1","7","[CUDA memcpy HtoD]",35500
26.323527,0.018143,2048,1,1,384,1,1,16,0.000000,0.000000,,,,,"Tesla V100-PCIE-32GB (0)","1","7","void scal_kernel_val<double, double>(cublasScalParamsVal<double, double>)",35614
26.323949,38.556658,3528,6,1,256,1,1,122,16.250000,0.000000,,,,,"Tesla V100-PCIE-32GB (0)","1","7","cosmaSgemm_kernel(float const *, int, float const *, int, float*, int)",35643
26.362515,0.001472,,,,,,,,,,112,72.562176,"Pageable","Device","Tesla V100-PCIE-32GB (0)","1","7","[CUDA memcpy HtoD]",35662
26.363177,0.017760,2048,1,1,384,1,1,16,0.000000,0.000000,,,,,"Tesla V100-PCIE-32GB (0)","1","7","void scal_kernel_val<double, double>(cublasScalParamsVal<double, double>)",35776
26.363619,38.529106,3528,6,1,256,1,1,122,16.250000,0.000000,,,,,"Tesla V100-PCIE-32GB (0)","1","7","cosmaSgemm_kernel(float const *, int, float const *, int, float*, int)",35805
26.402157,0.001472,,,,,,,,,,112,72.562176,"Pageable","Device","Tesla V100-PCIE-32GB (0)","1","7","[CUDA memcpy HtoD]",35824
26.402828,0.017536,2048,1,1,384,1,1,16,0.000000,0.000000,,,,,"Tesla V100-PCIE-32GB (0)","1","7","void scal_kernel_val<double, double>(cublasScalParamsVal<double, double>)",35938
26.403271,38.566578,3528,6,1,256,1,1,122,16.250000,0.000000,,,,,"Tesla V100-PCIE-32GB (0)","1","7","cosmaSgemm_kernel(float const *, int, float const *, int, float*, int)",35967
26.441846,0.001472,,,,,,,,,,112,72.562176,"Pageable","Device","Tesla V100-PCIE-32GB (0)","1","7","[CUDA memcpy HtoD]",35986
26.442505,0.017728,2048,1,1,384,1,1,16,0.000000,0.000000,,,,,"Tesla V100-PCIE-32GB (0)","1","7","void scal_kernel_val<double, double>(cublasScalParamsVal<double, double>)",36100
26.442936,38.540818,3528,6,1,256,1,1,122,16.250000,0.000000,,,,,"Tesla V100-PCIE-32GB (0)","1","7","cosmaSgemm_kernel(float const *, int, float const *, int, float*, int)",36129
26.481490,0.001472,,,,,,,,,,112,72.562176,"Pageable","Device","Tesla V100-PCIE-32GB (0)","1","7","[CUDA memcpy HtoD]",36148
26.482317,0.017952,2048,1,1,384,1,1,16,0.000000,0.000000,,,,,"Tesla V100-PCIE-32GB (0)","1","7","void scal_kernel_val<double, double>(cublasScalParamsVal<double, double>)",36262
26.482746,38.562994,3528,6,1,256,1,1,122,16.250000,0.000000,,,,,"Tesla V100-PCIE-32GB (0)","1","7","cosmaSgemm_kernel(float const *, int, float const *, int, float*, int)",36291
26.521318,0.001504,,,,,,,,,,112,71.018300,"Pageable","Device","Tesla V100-PCIE-32GB (0)","1","7","[CUDA memcpy HtoD]",36310
26.521974,0.017984,2048,1,1,384,1,1,16,0.000000,0.000000,,,,,"Tesla V100-PCIE-32GB (0)","1","7","void scal_kernel_val<double, double>(cublasScalParamsVal<double, double>)",36424
26.522408,38.526258,3528,6,1,256,1,1,122,16.250000,0.000000,,,,,"Tesla V100-PCIE-32GB (0)","1","7","cosmaSgemm_kernel(float const *, int, float const *, int, float*, int)",36453
26.560943,0.001472,,,,,,,,,,112,72.562176,"Pageable","Device","Tesla V100-PCIE-32GB (0)","1","7","[CUDA memcpy HtoD]",36472
26.561617,0.017855,2048,1,1,384,1,1,16,0.000000,0.000000,,,,,"Tesla V100-PCIE-32GB (0)","1","7","void scal_kernel_val<double, double>(cublasScalParamsVal<double, double>)",36586
26.562044,38.532690,3528,6,1,256,1,1,122,16.250000,0.000000,,,,,"Tesla V100-PCIE-32GB (0)","1","7","cosmaSgemm_kernel(float const *, int, float const *, int, float*, int)",36615
26.600585,0.001472,,,,,,,,,,112,72.562176,"Pageable","Device","Tesla V100-PCIE-32GB (0)","1","7","[CUDA memcpy HtoD]",36634
26.601247,0.018080,2048,1,1,384,1,1,16,0.000000,0.000000,,,,,"Tesla V100-PCIE-32GB (0)","1","7","void scal_kernel_val<double, double>(cublasScalParamsVal<double, double>)",36748
26.601675,38.529843,3528,6,1,256,1,1,122,16.250000,0.000000,,,,,"Tesla V100-PCIE-32GB (0)","1","7","cosmaSgemm_kernel(float const *, int, float const *, int, float*, int)",36777
26.640214,0.001503,,,,,,,,,,112,71.065551,"Pageable","Device","Tesla V100-PCIE-32GB (0)","1","7","[CUDA memcpy HtoD]",36796
26.640847,0.018335,2048,1,1,384,1,1,16,0.000000,0.000000,,,,,"Tesla V100-PCIE-32GB (0)","1","7","void scal_kernel_val<double, double>(cublasScalParamsVal<double, double>)",36910
26.641264,38.523730,3528,6,1,256,1,1,122,16.250000,0.000000,,,,,"Tesla V100-PCIE-32GB (0)","1","7","cosmaSgemm_kernel(float const *, int, float const *, int, float*, int)",36939
26.679796,0.001504,,,,,,,,,,112,71.018300,"Pageable","Device","Tesla V100-PCIE-32GB (0)","1","7","[CUDA memcpy HtoD]",36958
26.680464,0.017792,2048,1,1,384,1,1,16,0.000000,0.000000,,,,,"Tesla V100-PCIE-32GB (0)","1","7","void scal_kernel_val<double, double>(cublasScalParamsVal<double, double>)",37072
26.680882,38.545459,3528,6,1,256,1,1,122,16.250000,0.000000,,,,,"Tesla V100-PCIE-32GB (0)","1","7","cosmaSgemm_kernel(float const *, int, float const *, int, float*, int)",37101
26.719436,0.001471,,,,,,,,,,112,72.611505,"Pageable","Device","Tesla V100-PCIE-32GB (0)","1","7","[CUDA memcpy HtoD]",37120
26.720099,0.018080,2048,1,1,384,1,1,16,0.000000,0.000000,,,,,"Tesla V100-PCIE-32GB (0)","1","7","void scal_kernel_val<double, double>(cublasScalParamsVal<double, double>)",37234
26.720542,38.524498,3528,6,1,256,1,1,122,16.250000,0.000000,,,,,"Tesla V100-PCIE-32GB (0)","1","7","cosmaSgemm_kernel(float const *, int, float const *, int, float*, int)",37263
26.759075,0.001472,,,,,,,,,,112,72.562176,"Pageable","Device","Tesla V100-PCIE-32GB (0)","1","7","[CUDA memcpy HtoD]",37282
26.759742,0.018080,2048,1,1,384,1,1,16,0.000000,0.000000,,,,,"Tesla V100-PCIE-32GB (0)","1","7","void scal_kernel_val<double, double>(cublasScalParamsVal<double, double>)",37396
26.760179,38.551122,3528,6,1,256,1,1,122,16.250000,0.000000,,,,,"Tesla V100-PCIE-32GB (0)","1","7","cosmaSgemm_kernel(float const *, int, float const *, int, float*, int)",37425
26.798739,0.001472,,,,,,,,,,112,72.562176,"Pageable","Device","Tesla V100-PCIE-32GB (0)","1","7","[CUDA memcpy HtoD]",37444
26.799403,0.017536,2048,1,1,384,1,1,16,0.000000,0.000000,,,,,"Tesla V100-PCIE-32GB (0)","1","7","void scal_kernel_val<double, double>(cublasScalParamsVal<double, double>)",37558
26.799836,38.573362,3528,6,1,256,1,1,122,16.250000,0.000000,,,,,"Tesla V100-PCIE-32GB (0)","1","7","cosmaSgemm_kernel(float const *, int, float const *, int, float*, int)",37587
26.838418,0.001472,,,,,,,,,,112,72.562176,"Pageable","Device","Tesla V100-PCIE-32GB (0)","1","7","[CUDA memcpy HtoD]",37606
26.839075,0.017728,2048,1,1,384,1,1,16,0.000000,0.000000,,,,,"Tesla V100-PCIE-32GB (0)","1","7","void scal_kernel_val<double, double>(cublasScalParamsVal<double, double>)",37720
26.839516,38.506098,3528,6,1,256,1,1,122,16.250000,0.000000,,,,,"Tesla V100-PCIE-32GB (0)","1","7","cosmaSgemm_kernel(float const *, int, float const *, int, float*, int)",37749
26.878030,0.001472,,,,,,,,,,112,72.562176,"Pageable","Device","Tesla V100-PCIE-32GB (0)","1","7","[CUDA memcpy HtoD]",37768
26.878700,0.018368,2048,1,1,384,1,1,16,0.000000,0.000000,,,,,"Tesla V100-PCIE-32GB (0)","1","7","void scal_kernel_val<double, double>(cublasScalParamsVal<double, double>)",37882
26.879129,38.542930,3528,6,1,256,1,1,122,16.250000,0.000000,,,,,"Tesla V100-PCIE-32GB (0)","1","7","cosmaSgemm_kernel(float const *, int, float const *, int, float*, int)",37911
26.917680,0.001472,,,,,,,,,,112,72.562176,"Pageable","Device","Tesla V100-PCIE-32GB (0)","1","7","[CUDA memcpy HtoD]",37930
26.918337,0.018464,2048,1,1,384,1,1,16,0.000000,0.000000,,,,,"Tesla V100-PCIE-32GB (0)","1","7","void scal_kernel_val<double, double>(cublasScalParamsVal<double, double>)",38044
26.918765,38.539123,3528,6,1,256,1,1,122,16.250000,0.000000,,,,,"Tesla V100-PCIE-32GB (0)","1","7","cosmaSgemm_kernel(float const *, int, float const *, int, float*, int)",38073
26.957312,0.001471,,,,,,,,,,112,72.611505,"Pageable","Device","Tesla V100-PCIE-32GB (0)","1","7","[CUDA memcpy HtoD]",38092
26.957942,0.017663,2048,1,1,384,1,1,16,0.000000,0.000000,,,,,"Tesla V100-PCIE-32GB (0)","1","7","void scal_kernel_val<double, double>(cublasScalParamsVal<double, double>)",38206
26.958383,38.537939,3528,6,1,256,1,1,122,16.250000,0.000000,,,,,"Tesla V100-PCIE-32GB (0)","1","7","cosmaSgemm_kernel(float const *, int, float const *, int, float*, int)",38235
26.996930,0.001472,,,,,,,,,,112,72.562176,"Pageable","Device","Tesla V100-PCIE-32GB (0)","1","7","[CUDA memcpy HtoD]",38254
26.997569,0.018144,2048,1,1,384,1,1,16,0.000000,0.000000,,,,,"Tesla V100-PCIE-32GB (0)","1","7","void scal_kernel_val<double, double>(cublasScalParamsVal<double, double>)",38368
26.997998,38.516115,3528,6,1,256,1,1,122,16.250000,0.000000,,,,,"Tesla V100-PCIE-32GB (0)","1","7","cosmaSgemm_kernel(float const *, int, float const *, int, float*, int)",38397
27.036523,0.001504,,,,,,,,,,112,71.018300,"Pageable","Device","Tesla V100-PCIE-32GB (0)","1","7","[CUDA memcpy HtoD]",38416
27.037155,0.017727,2048,1,1,384,1,1,16,0.000000,0.000000,,,,,"Tesla V100-PCIE-32GB (0)","1","7","void scal_kernel_val<double, double>(cublasScalParamsVal<double, double>)",38530
27.037575,38.524626,3528,6,1,256,1,1,122,16.250000,0.000000,,,,,"Tesla V100-PCIE-32GB (0)","1","7","cosmaSgemm_kernel(float const *, int, float const *, int, float*, int)",38559
27.076108,0.001472,,,,,,,,,,112,72.562176,"Pageable","Device","Tesla V100-PCIE-32GB (0)","1","7","[CUDA memcpy HtoD]",38578
27.076760,0.018559,2048,1,1,384,1,1,16,0.000000,0.000000,,,,,"Tesla V100-PCIE-32GB (0)","1","7","void scal_kernel_val<double, double>(cublasScalParamsVal<double, double>)",38692
27.077173,38.531602,3528,6,1,256,1,1,122,16.250000,0.000000,,,,,"Tesla V100-PCIE-32GB (0)","1","7","cosmaSgemm_kernel(float const *, int, float const *, int, float*, int)",38721
27.115713,0.001504,,,,,,,,,,112,71.018300,"Pageable","Device","Tesla V100-PCIE-32GB (0)","1","7","[CUDA memcpy HtoD]",38740
27.116376,0.018111,2048,1,1,384,1,1,16,0.000000,0.000000,,,,,"Tesla V100-PCIE-32GB (0)","1","7","void scal_kernel_val<double, double>(cublasScalParamsVal<double, double>)",38854
27.116792,38.526546,3528,6,1,256,1,1,122,16.250000,0.000000,,,,,"Tesla V100-PCIE-32GB (0)","1","7","cosmaSgemm_kernel(float const *, int, float const *, int, float*, int)",38883
27.155327,0.001472,,,,,,,,,,112,72.562176,"Pageable","Device","Tesla V100-PCIE-32GB (0)","1","7","[CUDA memcpy HtoD]",38902
27.155987,0.017791,2048,1,1,384,1,1,16,0.000000,0.000000,,,,,"Tesla V100-PCIE-32GB (0)","1","7","void scal_kernel_val<double, double>(cublasScalParamsVal<double, double>)",39016
27.156428,38.537715,3528,6,1,256,1,1,122,16.250000,0.000000,,,,,"Tesla V100-PCIE-32GB (0)","1","7","cosmaSgemm_kernel(float const *, int, float const *, int, float*, int)",39045
27.194974,0.001472,,,,,,,,,,112,72.562176,"Pageable","Device","Tesla V100-PCIE-32GB (0)","1","7","[CUDA memcpy HtoD]",39064
27.195639,0.018048,2048,1,1,384,1,1,16,0.000000,0.000000,,,,,"Tesla V100-PCIE-32GB (0)","1","7","void scal_kernel_val<double, double>(cublasScalParamsVal<double, double>)",39178
27.196066,38.531890,3528,6,1,256,1,1,122,16.250000,0.000000,,,,,"Tesla V100-PCIE-32GB (0)","1","7","cosmaSgemm_kernel(float const *, int, float const *, int, float*, int)",39207
27.234607,0.001472,,,,,,,,,,112,72.562176,"Pageable","Device","Tesla V100-PCIE-32GB (0)","1","7","[CUDA memcpy HtoD]",39226
27.235272,0.018304,2048,1,1,384,1,1,16,0.000000,0.000000,,,,,"Tesla V100-PCIE-32GB (0)","1","7","void scal_kernel_val<double, double>(cublasScalParamsVal<double, double>)",39340
27.235701,38.521106,3528,6,1,256,1,1,122,16.250000,0.000000,,,,,"Tesla V100-PCIE-32GB (0)","1","7","cosmaSgemm_kernel(float const *, int, float const *, int, float*, int)",39369
27.274247,0.001472,,,,,,,,,,112,72.562176,"Pageable","Device","Tesla V100-PCIE-32GB (0)","1","7","[CUDA memcpy HtoD]",39388
27.274905,0.018688,2048,1,1,384,1,1,16,0.000000,0.000000,,,,,"Tesla V100-PCIE-32GB (0)","1","7","void scal_kernel_val<double, double>(cublasScalParamsVal<double, double>)",39502
27.275338,38.521042,3528,6,1,256,1,1,122,16.250000,0.000000,,,,,"Tesla V100-PCIE-32GB (0)","1","7","cosmaSgemm_kernel(float const *, int, float const *, int, float*, int)",39531
27.313868,0.001472,,,,,,,,,,112,72.562176,"Pageable","Device","Tesla V100-PCIE-32GB (0)","1","7","[CUDA memcpy HtoD]",39550
27.314557,0.017824,2048,1,1,384,1,1,16,0.000000,0.000000,,,,,"Tesla V100-PCIE-32GB (0)","1","7","void scal_kernel_val<double, double>(cublasScalParamsVal<double, double>)",39664
27.314983,38.557746,3528,6,1,256,1,1,122,16.250000,0.000000,,,,,"Tesla V100-PCIE-32GB (0)","1","7","cosmaSgemm_kernel(float const *, int, float const *, int, float*, int)",39693
27.353550,0.001472,,,,,,,,,,112,72.562176,"Pageable","Device","Tesla V100-PCIE-32GB (0)","1","7","[CUDA memcpy HtoD]",39712
27.354216,0.021536,2048,1,1,384,1,1,16,0.000000,0.000000,,,,,"Tesla V100-PCIE-32GB (0)","1","7","void scal_kernel_val<double, double>(cublasScalParamsVal<double, double>)",39826
27.354649,38.524370,3528,6,1,256,1,1,122,16.250000,0.000000,,,,,"Tesla V100-PCIE-32GB (0)","1","7","cosmaSgemm_kernel(float const *, int, float const *, int, float*, int)",39855
27.393182,0.001472,,,,,,,,,,112,72.562176,"Pageable","Device","Tesla V100-PCIE-32GB (0)","1","7","[CUDA memcpy HtoD]",39874
27.393821,0.018048,2048,1,1,384,1,1,16,0.000000,0.000000,,,,,"Tesla V100-PCIE-32GB (0)","1","7","void scal_kernel_val<double, double>(cublasScalParamsVal<double, double>)",39988
27.394255,38.546130,3528,6,1,256,1,1,122,16.250000,0.000000,,,,,"Tesla V100-PCIE-32GB (0)","1","7","cosmaSgemm_kernel(float const *, int, float const *, int, float*, int)",40017
27.432810,0.001472,,,,,,,,,,112,72.562176,"Pageable","Device","Tesla V100-PCIE-32GB (0)","1","7","[CUDA memcpy HtoD]",40036
27.433454,0.017952,2048,1,1,384,1,1,16,0.000000,0.000000,,,,,"Tesla V100-PCIE-32GB (0)","1","7","void scal_kernel_val<double, double>(cublasScalParamsVal<double, double>)",40150
27.433873,38.518386,3528,6,1,256,1,1,122,16.250000,0.000000,,,,,"Tesla V100-PCIE-32GB (0)","1","7","cosmaSgemm_kernel(float const *, int, float const *, int, float*, int)",40179
27.472402,0.001760,,,,,,,,,,112,60.688365,"Pageable","Device","Tesla V100-PCIE-32GB (0)","1","7","[CUDA memcpy HtoD]",40198
27.473041,0.018368,2048,1,1,384,1,1,16,0.000000,0.000000,,,,,"Tesla V100-PCIE-32GB (0)","1","7","void scal_kernel_val<double, double>(cublasScalParamsVal<double, double>)",40312
27.473469,38.535602,3528,6,1,256,1,1,122,16.250000,0.000000,,,,,"Tesla V100-PCIE-32GB (0)","1","7","cosmaSgemm_kernel(float const *, int, float const *, int, float*, int)",40341
27.512013,0.001472,,,,,,,,,,112,72.562176,"Pageable","Device","Tesla V100-PCIE-32GB (0)","1","7","[CUDA memcpy HtoD]",40360
27.512691,0.018111,2048,1,1,384,1,1,16,0.000000,0.000000,,,,,"Tesla V100-PCIE-32GB (0)","1","7","void scal_kernel_val<double, double>(cublasScalParamsVal<double, double>)",40474
27.513112,38.528882,3528,6,1,256,1,1,122,16.250000,0.000000,,,,,"Tesla V100-PCIE-32GB (0)","1","7","cosmaSgemm_kernel(float const *, int, float const *, int, float*, int)",40503
27.551650,0.001472,,,,,,,,,,112,72.562176,"Pageable","Device","Tesla V100-PCIE-32GB (0)","1","7","[CUDA memcpy HtoD]",40522
27.552331,0.017888,2048,1,1,384,1,1,16,0.000000,0.000000,,,,,"Tesla V100-PCIE-32GB (0)","1","7","void scal_kernel_val<double, double>(cublasScalParamsVal<double, double>)",40636
27.552748,38.527763,3528,6,1,256,1,1,122,16.250000,0.000000,,,,,"Tesla V100-PCIE-32GB (0)","1","7","cosmaSgemm_kernel(float const *, int, float const *, int, float*, int)",40665
27.591285,0.001472,,,,,,,,,,112,72.562176,"Pageable","Device","Tesla V100-PCIE-32GB (0)","1","7","[CUDA memcpy HtoD]",40684
27.591944,0.018624,2048,1,1,384,1,1,16,0.000000,0.000000,,,,,"Tesla V100-PCIE-32GB (0)","1","7","void scal_kernel_val<double, double>(cublasScalParamsVal<double, double>)",40798
27.592398,38.527986,3528,6,1,256,1,1,122,16.250000,0.000000,,,,,"Tesla V100-PCIE-32GB (0)","1","7","cosmaSgemm_kernel(float const *, int, float const *, int, float*, int)",40827
27.630935,0.001472,,,,,,,,,,112,72.562176,"Pageable","Device","Tesla V100-PCIE-32GB (0)","1","7","[CUDA memcpy HtoD]",40846
27.631600,0.017888,2048,1,1,384,1,1,16,0.000000,0.000000,,,,,"Tesla V100-PCIE-32GB (0)","1","7","void scal_kernel_val<double, double>(cublasScalParamsVal<double, double>)",40960
27.632029,38.544306,3528,6,1,256,1,1,122,16.250000,0.000000,,,,,"Tesla V100-PCIE-32GB (0)","1","7","cosmaSgemm_kernel(float const *, int, float const *, int, float*, int)",40989
27.670582,0.001472,,,,,,,,,,112,72.562176,"Pageable","Device","Tesla V100-PCIE-32GB (0)","1","7","[CUDA memcpy HtoD]",41008
27.671252,0.018303,2048,1,1,384,1,1,16,0.000000,0.000000,,,,,"Tesla V100-PCIE-32GB (0)","1","7","void scal_kernel_val<double, double>(cublasScalParamsVal<double, double>)",41122
27.671682,38.545203,3528,6,1,256,1,1,122,16.250000,0.000000,,,,,"Tesla V100-PCIE-32GB (0)","1","7","cosmaSgemm_kernel(float const *, int, float const *, int, float*, int)",41151
27.710252,0.001472,,,,,,,,,,112,72.562176,"Pageable","Device","Tesla V100-PCIE-32GB (0)","1","7","[CUDA memcpy HtoD]",41170
27.710919,0.018400,2048,1,1,384,1,1,16,0.000000,0.000000,,,,,"Tesla V100-PCIE-32GB (0)","1","7","void scal_kernel_val<double, double>(cublasScalParamsVal<double, double>)",41284
27.711360,38.526226,3528,6,1,256,1,1,122,16.250000,0.000000,,,,,"Tesla V100-PCIE-32GB (0)","1","7","cosmaSgemm_kernel(float const *, int, float const *, int, float*, int)",41313
27.749896,0.001472,,,,,,,,,,112,72.562176,"Pageable","Device","Tesla V100-PCIE-32GB (0)","1","7","[CUDA memcpy HtoD]",41332
27.750563,0.018144,2048,1,1,384,1,1,16,0.000000,0.000000,,,,,"Tesla V100-PCIE-32GB (0)","1","7","void scal_kernel_val<double, double>(cublasScalParamsVal<double, double>)",41446
27.751002,38.555538,3528,6,1,256,1,1,122,16.250000,0.000000,,,,,"Tesla V100-PCIE-32GB (0)","1","7","cosmaSgemm_kernel(float const *, int, float const *, int, float*, int)",41475
27.789566,0.001504,,,,,,,,,,112,71.018300,"Pageable","Device","Tesla V100-PCIE-32GB (0)","1","7","[CUDA memcpy HtoD]",41494
27.790235,0.017952,2048,1,1,384,1,1,16,0.000000,0.000000,,,,,"Tesla V100-PCIE-32GB (0)","1","7","void scal_kernel_val<double, double>(cublasScalParamsVal<double, double>)",41608
27.790671,38.546706,3528,6,1,256,1,1,122,16.250000,0.000000,,,,,"Tesla V100-PCIE-32GB (0)","1","7","cosmaSgemm_kernel(float const *, int, float const *, int, float*, int)",41637
27.829226,0.001472,,,,,,,,,,112,72.562176,"Pageable","Device","Tesla V100-PCIE-32GB (0)","1","7","[CUDA memcpy HtoD]",41656
27.829865,0.017984,2048,1,1,384,1,1,16,0.000000,0.000000,,,,,"Tesla V100-PCIE-32GB (0)","1","7","void scal_kernel_val<double, double>(cublasScalParamsVal<double, double>)",41770
27.830313,38.516466,3528,6,1,256,1,1,122,16.250000,0.000000,,,,,"Tesla V100-PCIE-32GB (0)","1","7","cosmaSgemm_kernel(float const *, int, float const *, int, float*, int)",41799
27.868838,0.001472,,,,,,,,,,112,72.562176,"Pageable","Device","Tesla V100-PCIE-32GB (0)","1","7","[CUDA memcpy HtoD]",41818
27.869530,0.018336,2048,1,1,384,1,1,16,0.000000,0.000000,,,,,"Tesla V100-PCIE-32GB (0)","1","7","void scal_kernel_val<double, double>(cublasScalParamsVal<double, double>)",41932
27.871553,38.539314,3528,6,1,256,1,1,122,16.250000,0.000000,,,,,"Tesla V100-PCIE-32GB (0)","1","7","cosmaSgemm_kernel(float const *, int, float const *, int, float*, int)",41961
27.910101,0.001472,,,,,,,,,,112,72.562176,"Pageable","Device","Tesla V100-PCIE-32GB (0)","1","7","[CUDA memcpy HtoD]",41980
27.910953,0.018944,2048,1,1,384,1,1,16,0.000000,0.000000,,,,,"Tesla V100-PCIE-32GB (0)","1","7","void scal_kernel_val<double, double>(cublasScalParamsVal<double, double>)",42094
27.911412,38.538514,3528,6,1,256,1,1,122,16.250000,0.000000,,,,,"Tesla V100-PCIE-32GB (0)","1","7","cosmaSgemm_kernel(float const *, int, float const *, int, float*, int)",42123
27.949959,0.001472,,,,,,,,,,112,72.562176,"Pageable","Device","Tesla V100-PCIE-32GB (0)","1","7","[CUDA memcpy HtoD]",42142
27.952011,0.017888,2048,1,1,384,1,1,16,0.000000,0.000000,,,,,"Tesla V100-PCIE-32GB (0)","1","7","void scal_kernel_val<double, double>(cublasScalParamsVal<double, double>)",42256
27.952827,38.577362,3528,6,1,256,1,1,122,16.250000,0.000000,,,,,"Tesla V100-PCIE-32GB (0)","1","7","cosmaSgemm_kernel(float const *, int, float const *, int, float*, int)",42285
27.991414,0.001440,,,,,,,,,,112,74.174668,"Pageable","Device","Tesla V100-PCIE-32GB (0)","1","7","[CUDA memcpy HtoD]",42304
27.992421,0.017632,2048,1,1,384,1,1,16,0.000000,0.000000,,,,,"Tesla V100-PCIE-32GB (0)","1","7","void scal_kernel_val<double, double>(cublasScalParamsVal<double, double>)",42418
27.993425,38.526643,3528,6,1,256,1,1,122,16.250000,0.000000,,,,,"Tesla V100-PCIE-32GB (0)","1","7","cosmaSgemm_kernel(float const *, int, float const *, int, float*, int)",42447
28.031961,0.001472,,,,,,,,,,112,72.562176,"Pageable","Device","Tesla V100-PCIE-32GB (0)","1","7","[CUDA memcpy HtoD]",42466
28.032865,0.017984,2048,1,1,384,1,1,16,0.000000,0.000000,,,,,"Tesla V100-PCIE-32GB (0)","1","7","void scal_kernel_val<double, double>(cublasScalParamsVal<double, double>)",42580
28.033742,38.537970,3528,6,1,256,1,1,122,16.250000,0.000000,,,,,"Tesla V100-PCIE-32GB (0)","1","7","cosmaSgemm_kernel(float const *, int, float const *, int, float*, int)",42609
28.072289,0.001472,,,,,,,,,,112,72.562176,"Pageable","Device","Tesla V100-PCIE-32GB (0)","1","7","[CUDA memcpy HtoD]",42628
28.073284,0.018592,2048,1,1,384,1,1,16,0.000000,0.000000,,,,,"Tesla V100-PCIE-32GB (0)","1","7","void scal_kernel_val<double, double>(cublasScalParamsVal<double, double>)",42742
28.074242,38.549266,3528,6,1,256,1,1,122,16.250000,0.000000,,,,,"Tesla V100-PCIE-32GB (0)","1","7","cosmaSgemm_kernel(float const *, int, float const *, int, float*, int)",42771
28.112800,0.001472,,,,,,,,,,112,72.562176,"Pageable","Device","Tesla V100-PCIE-32GB (0)","1","7","[CUDA memcpy HtoD]",42790
28.113811,0.017631,2048,1,1,384,1,1,16,0.000000,0.000000,,,,,"Tesla V100-PCIE-32GB (0)","1","7","void scal_kernel_val<double, double>(cublasScalParamsVal<double, double>)",42904
28.114736,38.537586,3528,6,1,256,1,1,122,16.250000,0.000000,,,,,"Tesla V100-PCIE-32GB (0)","1","7","cosmaSgemm_kernel(float const *, int, float const *, int, float*, int)",42933
28.153283,0.001472,,,,,,,,,,112,72.562176,"Pageable","Device","Tesla V100-PCIE-32GB (0)","1","7","[CUDA memcpy HtoD]",42952
28.153957,0.018303,2048,1,1,384,1,1,16,0.000000,0.000000,,,,,"Tesla V100-PCIE-32GB (0)","1","7","void scal_kernel_val<double, double>(cublasScalParamsVal<double, double>)",43066
28.154426,38.546194,3528,6,1,256,1,1,122,16.250000,0.000000,,,,,"Tesla V100-PCIE-32GB (0)","1","7","cosmaSgemm_kernel(float const *, int, float const *, int, float*, int)",43095
28.192981,0.001504,,,,,,,,,,112,71.018300,"Pageable","Device","Tesla V100-PCIE-32GB (0)","1","7","[CUDA memcpy HtoD]",43114
28.193775,0.018079,2048,1,1,384,1,1,16,0.000000,0.000000,,,,,"Tesla V100-PCIE-32GB (0)","1","7","void scal_kernel_val<double, double>(cublasScalParamsVal<double, double>)",43228
28.194483,38.541298,3528,6,1,256,1,1,122,16.250000,0.000000,,,,,"Tesla V100-PCIE-32GB (0)","1","7","cosmaSgemm_kernel(float const *, int, float const *, int, float*, int)",43257
28.233033,0.001472,,,,,,,,,,112,72.562176,"Pageable","Device","Tesla V100-PCIE-32GB (0)","1","7","[CUDA memcpy HtoD]",43276
28.233715,0.017600,2048,1,1,384,1,1,16,0.000000,0.000000,,,,,"Tesla V100-PCIE-32GB (0)","1","7","void scal_kernel_val<double, double>(cublasScalParamsVal<double, double>)",43390
28.234133,38.527891,3528,6,1,256,1,1,122,16.250000,0.000000,,,,,"Tesla V100-PCIE-32GB (0)","1","7","cosmaSgemm_kernel(float const *, int, float const *, int, float*, int)",43419
28.272670,0.001472,,,,,,,,,,112,72.562176,"Pageable","Device","Tesla V100-PCIE-32GB (0)","1","7","[CUDA memcpy HtoD]",43438
28.273345,0.018112,2048,1,1,384,1,1,16,0.000000,0.000000,,,,,"Tesla V100-PCIE-32GB (0)","1","7","void scal_kernel_val<double, double>(cublasScalParamsVal<double, double>)",43552
28.273764,38.521523,3528,6,1,256,1,1,122,16.250000,0.000000,,,,,"Tesla V100-PCIE-32GB (0)","1","7","cosmaSgemm_kernel(float const *, int, float const *, int, float*, int)",43581
28.312293,0.001472,,,,,,,,,,112,72.562176,"Pageable","Device","Tesla V100-PCIE-32GB (0)","1","7","[CUDA memcpy HtoD]",43600
28.312987,0.017952,2048,1,1,384,1,1,16,0.000000,0.000000,,,,,"Tesla V100-PCIE-32GB (0)","1","7","void scal_kernel_val<double, double>(cublasScalParamsVal<double, double>)",43714
28.313440,38.523890,3528,6,1,256,1,1,122,16.250000,0.000000,,,,,"Tesla V100-PCIE-32GB (0)","1","7","cosmaSgemm_kernel(float const *, int, float const *, int, float*, int)",43743
28.351973,0.001472,,,,,,,,,,112,72.562176,"Pageable","Device","Tesla V100-PCIE-32GB (0)","1","7","[CUDA memcpy HtoD]",43762
28.352675,0.018080,2048,1,1,384,1,1,16,0.000000,0.000000,,,,,"Tesla V100-PCIE-32GB (0)","1","7","void scal_kernel_val<double, double>(cublasScalParamsVal<double, double>)",43876
28.353112,38.543250,3528,6,1,256,1,1,122,16.250000,0.000000,,,,,"Tesla V100-PCIE-32GB (0)","1","7","cosmaSgemm_kernel(float const *, int, float const *, int, float*, int)",43905
28.391665,0.001504,,,,,,,,,,112,71.018300,"Pageable","Device","Tesla V100-PCIE-32GB (0)","1","7","[CUDA memcpy HtoD]",43924
28.392338,0.018144,2048,1,1,384,1,1,16,0.000000,0.000000,,,,,"Tesla V100-PCIE-32GB (0)","1","7","void scal_kernel_val<double, double>(cublasScalParamsVal<double, double>)",44038
28.392772,38.526514,3528,6,1,256,1,1,122,16.250000,0.000000,,,,,"Tesla V100-PCIE-32GB (0)","1","7","cosmaSgemm_kernel(float const *, int, float const *, int, float*, int)",44067
28.431308,0.001472,,,,,,,,,,112,72.562176,"Pageable","Device","Tesla V100-PCIE-32GB (0)","1","7","[CUDA memcpy HtoD]",44086
28.431973,0.018111,2048,1,1,384,1,1,16,0.000000,0.000000,,,,,"Tesla V100-PCIE-32GB (0)","1","7","void scal_kernel_val<double, double>(cublasScalParamsVal<double, double>)",44200
28.432408,38.556722,3528,6,1,256,1,1,122,16.250000,0.000000,,,,,"Tesla V100-PCIE-32GB (0)","1","7","cosmaSgemm_kernel(float const *, int, float const *, int, float*, int)",44229
28.470974,0.001504,,,,,,,,,,112,71.018300,"Pageable","Device","Tesla V100-PCIE-32GB (0)","1","7","[CUDA memcpy HtoD]",44248
28.471652,0.018496,2048,1,1,384,1,1,16,0.000000,0.000000,,,,,"Tesla V100-PCIE-32GB (0)","1","7","void scal_kernel_val<double, double>(cublasScalParamsVal<double, double>)",44362
28.472085,38.530066,3528,6,1,256,1,1,122,16.250000,0.000000,,,,,"Tesla V100-PCIE-32GB (0)","1","7","cosmaSgemm_kernel(float const *, int, float const *, int, float*, int)",44391
28.510624,0.001472,,,,,,,,,,112,72.562176,"Pageable","Device","Tesla V100-PCIE-32GB (0)","1","7","[CUDA memcpy HtoD]",44410
28.511285,0.018207,2048,1,1,384,1,1,16,0.000000,0.000000,,,,,"Tesla V100-PCIE-32GB (0)","1","7","void scal_kernel_val<double, double>(cublasScalParamsVal<double, double>)",44524
28.511718,38.555826,3528,6,1,256,1,1,122,16.250000,0.000000,,,,,"Tesla V100-PCIE-32GB (0)","1","7","cosmaSgemm_kernel(float const *, int, float const *, int, float*, int)",44553
28.550282,0.001471,,,,,,,,,,112,72.611505,"Pageable","Device","Tesla V100-PCIE-32GB (0)","1","7","[CUDA memcpy HtoD]",44572
28.550917,0.017792,2048,1,1,384,1,1,16,0.000000,0.000000,,,,,"Tesla V100-PCIE-32GB (0)","1","7","void scal_kernel_val<double, double>(cublasScalParamsVal<double, double>)",44686
28.551358,38.551666,3528,6,1,256,1,1,122,16.250000,0.000000,,,,,"Tesla V100-PCIE-32GB (0)","1","7","cosmaSgemm_kernel(float const *, int, float const *, int, float*, int)",44715
28.589921,0.001472,,,,,,,,,,112,72.562176,"Pageable","Device","Tesla V100-PCIE-32GB (0)","1","7","[CUDA memcpy HtoD]",44734
28.590589,0.018464,2048,1,1,384,1,1,16,0.000000,0.000000,,,,,"Tesla V100-PCIE-32GB (0)","1","7","void scal_kernel_val<double, double>(cublasScalParamsVal<double, double>)",44848
28.592134,38.517747,3528,6,1,256,1,1,122,16.250000,0.000000,,,,,"Tesla V100-PCIE-32GB (0)","1","7","cosmaSgemm_kernel(float const *, int, float const *, int, float*, int)",44877
28.630660,0.001472,,,,,,,,,,112,72.562176,"Pageable","Device","Tesla V100-PCIE-32GB (0)","1","7","[CUDA memcpy HtoD]",44896
28.631323,0.017760,2048,1,1,384,1,1,16,0.000000,0.000000,,,,,"Tesla V100-PCIE-32GB (0)","1","7","void scal_kernel_val<double, double>(cublasScalParamsVal<double, double>)",45010
28.631752,38.539570,3528,6,1,256,1,1,122,16.250000,0.000000,,,,,"Tesla V100-PCIE-32GB (0)","1","7","cosmaSgemm_kernel(float const *, int, float const *, int, float*, int)",45039
28.670300,0.001504,,,,,,,,,,112,71.018300,"Pageable","Device","Tesla V100-PCIE-32GB (0)","1","7","[CUDA memcpy HtoD]",45058
28.670937,0.018528,2048,1,1,384,1,1,16,0.000000,0.000000,,,,,"Tesla V100-PCIE-32GB (0)","1","7","void scal_kernel_val<double, double>(cublasScalParamsVal<double, double>)",45172
28.671452,38.560434,3528,6,1,256,1,1,122,16.250000,0.000000,,,,,"Tesla V100-PCIE-32GB (0)","1","7","cosmaSgemm_kernel(float const *, int, float const *, int, float*, int)",45201
28.710021,0.001504,,,,,,,,,,112,71.018300,"Pageable","Device","Tesla V100-PCIE-32GB (0)","1","7","[CUDA memcpy HtoD]",45220
28.710662,0.017856,2048,1,1,384,1,1,16,0.000000,0.000000,,,,,"Tesla V100-PCIE-32GB (0)","1","7","void scal_kernel_val<double, double>(cublasScalParamsVal<double, double>)",45334
28.711073,38.523955,3528,6,1,256,1,1,122,16.250000,0.000000,,,,,"Tesla V100-PCIE-32GB (0)","1","7","cosmaSgemm_kernel(float const *, int, float const *, int, float*, int)",45363
28.749606,0.001504,,,,,,,,,,112,71.018300,"Pageable","Device","Tesla V100-PCIE-32GB (0)","1","7","[CUDA memcpy HtoD]",45382
28.750247,0.018016,2048,1,1,384,1,1,16,0.000000,0.000000,,,,,"Tesla V100-PCIE-32GB (0)","1","7","void scal_kernel_val<double, double>(cublasScalParamsVal<double, double>)",45496
28.750662,38.558450,3528,6,1,256,1,1,122,16.250000,0.000000,,,,,"Tesla V100-PCIE-32GB (0)","1","7","cosmaSgemm_kernel(float const *, int, float const *, int, float*, int)",45525
28.789229,0.001760,,,,,,,,,,112,60.688365,"Pageable","Device","Tesla V100-PCIE-32GB (0)","1","7","[CUDA memcpy HtoD]",45544
28.789881,0.019104,2048,1,1,384,1,1,16,0.000000,0.000000,,,,,"Tesla V100-PCIE-32GB (0)","1","7","void scal_kernel_val<double, double>(cublasScalParamsVal<double, double>)",45658
28.790320,38.539826,3528,6,1,256,1,1,122,16.250000,0.000000,,,,,"Tesla V100-PCIE-32GB (0)","1","7","cosmaSgemm_kernel(float const *, int, float const *, int, float*, int)",45687
28.828868,0.001472,,,,,,,,,,112,72.562176,"Pageable","Device","Tesla V100-PCIE-32GB (0)","1","7","[CUDA memcpy HtoD]",45706
28.829546,0.017919,2048,1,1,384,1,1,16,0.000000,0.000000,,,,,"Tesla V100-PCIE-32GB (0)","1","7","void scal_kernel_val<double, double>(cublasScalParamsVal<double, double>)",45820
28.829988,38.546195,3528,6,1,256,1,1,122,16.250000,0.000000,,,,,"Tesla V100-PCIE-32GB (0)","1","7","cosmaSgemm_kernel(float const *, int, float const *, int, float*, int)",45849
28.868542,0.001472,,,,,,,,,,112,72.562176,"Pageable","Device","Tesla V100-PCIE-32GB (0)","1","7","[CUDA memcpy HtoD]",45868
28.869216,0.018112,2048,1,1,384,1,1,16,0.000000,0.000000,,,,,"Tesla V100-PCIE-32GB (0)","1","7","void scal_kernel_val<double, double>(cublasScalParamsVal<double, double>)",45982
28.869657,38.580786,3528,6,1,256,1,1,122,16.250000,0.000000,,,,,"Tesla V100-PCIE-32GB (0)","1","7","cosmaSgemm_kernel(float const *, int, float const *, int, float*, int)",46011
28.908249,0.001472,,,,,,,,,,112,72.562176,"Pageable","Device","Tesla V100-PCIE-32GB (0)","1","7","[CUDA memcpy HtoD]",46030
28.908917,0.017792,2048,1,1,384,1,1,16,0.000000,0.000000,,,,,"Tesla V100-PCIE-32GB (0)","1","7","void scal_kernel_val<double, double>(cublasScalParamsVal<double, double>)",46144
28.909367,38.572050,3528,6,1,256,1,1,122,16.250000,0.000000,,,,,"Tesla V100-PCIE-32GB (0)","1","7","cosmaSgemm_kernel(float const *, int, float const *, int, float*, int)",46173
28.947948,0.001504,,,,,,,,,,112,71.018300,"Pageable","Device","Tesla V100-PCIE-32GB (0)","1","7","[CUDA memcpy HtoD]",46192
28.948624,0.018336,2048,1,1,384,1,1,16,0.000000,0.000000,,,,,"Tesla V100-PCIE-32GB (0)","1","7","void scal_kernel_val<double, double>(cublasScalParamsVal<double, double>)",46306
28.949063,38.535634,3528,6,1,256,1,1,122,16.250000,0.000000,,,,,"Tesla V100-PCIE-32GB (0)","1","7","cosmaSgemm_kernel(float const *, int, float const *, int, float*, int)",46335
28.987607,0.001472,,,,,,,,,,112,72.562176,"Pageable","Device","Tesla V100-PCIE-32GB (0)","1","7","[CUDA memcpy HtoD]",46354
28.988268,0.017920,2048,1,1,384,1,1,16,0.000000,0.000000,,,,,"Tesla V100-PCIE-32GB (0)","1","7","void scal_kernel_val<double, double>(cublasScalParamsVal<double, double>)",46468
28.988705,38.574770,3528,6,1,256,1,1,122,16.250000,0.000000,,,,,"Tesla V100-PCIE-32GB (0)","1","7","cosmaSgemm_kernel(float const *, int, float const *, int, float*, int)",46497
29.027300,0.001472,,,,,,,,,,112,72.562176,"Pageable","Device","Tesla V100-PCIE-32GB (0)","1","7","[CUDA memcpy HtoD]",46516
29.027940,0.017728,2048,1,1,384,1,1,16,0.000000,0.000000,,,,,"Tesla V100-PCIE-32GB (0)","1","7","void scal_kernel_val<double, double>(cublasScalParamsVal<double, double>)",46630
29.028383,38.518579,3528,6,1,256,1,1,122,16.250000,0.000000,,,,,"Tesla V100-PCIE-32GB (0)","1","7","cosmaSgemm_kernel(float const *, int, float const *, int, float*, int)",46659
29.066910,0.001472,,,,,,,,,,112,72.562176,"Pageable","Device","Tesla V100-PCIE-32GB (0)","1","7","[CUDA memcpy HtoD]",46678
29.067586,0.017888,2048,1,1,384,1,1,16,0.000000,0.000000,,,,,"Tesla V100-PCIE-32GB (0)","1","7","void scal_kernel_val<double, double>(cublasScalParamsVal<double, double>)",46792
29.068015,38.540722,3528,6,1,256,1,1,122,16.250000,0.000000,,,,,"Tesla V100-PCIE-32GB (0)","1","7","cosmaSgemm_kernel(float const *, int, float const *, int, float*, int)",46821
29.106564,0.001504,,,,,,,,,,112,71.018300,"Pageable","Device","Tesla V100-PCIE-32GB (0)","1","7","[CUDA memcpy HtoD]",46840
29.107235,0.017984,2048,1,1,384,1,1,16,0.000000,0.000000,,,,,"Tesla V100-PCIE-32GB (0)","1","7","void scal_kernel_val<double, double>(cublasScalParamsVal<double, double>)",46954
29.107662,38.534034,3528,6,1,256,1,1,122,16.250000,0.000000,,,,,"Tesla V100-PCIE-32GB (0)","1","7","cosmaSgemm_kernel(float const *, int, float const *, int, float*, int)",46983
29.146205,0.001472,,,,,,,,,,112,72.562176,"Pageable","Device","Tesla V100-PCIE-32GB (0)","1","7","[CUDA memcpy HtoD]",47002
29.146846,0.017824,2048,1,1,384,1,1,16,0.000000,0.000000,,,,,"Tesla V100-PCIE-32GB (0)","1","7","void scal_kernel_val<double, double>(cublasScalParamsVal<double, double>)",47116
29.147266,38.586321,3528,6,1,256,1,1,122,16.250000,0.000000,,,,,"Tesla V100-PCIE-32GB (0)","1","7","cosmaSgemm_kernel(float const *, int, float const *, int, float*, int)",47145
29.185861,0.001472,,,,,,,,,,112,72.562176,"Pageable","Device","Tesla V100-PCIE-32GB (0)","1","7","[CUDA memcpy HtoD]",47164
29.186505,0.018144,2048,1,1,384,1,1,16,0.000000,0.000000,,,,,"Tesla V100-PCIE-32GB (0)","1","7","void scal_kernel_val<double, double>(cublasScalParamsVal<double, double>)",47278
29.186918,38.531987,3528,6,1,256,1,1,122,16.250000,0.000000,,,,,"Tesla V100-PCIE-32GB (0)","1","7","cosmaSgemm_kernel(float const *, int, float const *, int, float*, int)",47307
29.225458,0.001472,,,,,,,,,,112,72.562176,"Pageable","Device","Tesla V100-PCIE-32GB (0)","1","7","[CUDA memcpy HtoD]",47326
29.226095,0.017696,2048,1,1,384,1,1,16,0.000000,0.000000,,,,,"Tesla V100-PCIE-32GB (0)","1","7","void scal_kernel_val<double, double>(cublasScalParamsVal<double, double>)",47440
29.226515,38.528275,3528,6,1,256,1,1,122,16.250000,0.000000,,,,,"Tesla V100-PCIE-32GB (0)","1","7","cosmaSgemm_kernel(float const *, int, float const *, int, float*, int)",47469
29.265052,0.001504,,,,,,,,,,112,71.018300,"Pageable","Device","Tesla V100-PCIE-32GB (0)","1","7","[CUDA memcpy HtoD]",47488
29.265719,0.017824,2048,1,1,384,1,1,16,0.000000,0.000000,,,,,"Tesla V100-PCIE-32GB (0)","1","7","void scal_kernel_val<double, double>(cublasScalParamsVal<double, double>)",47602
29.266132,38.520531,3528,6,1,256,1,1,122,16.250000,0.000000,,,,,"Tesla V100-PCIE-32GB (0)","1","7","cosmaSgemm_kernel(float const *, int, float const *, int, float*, int)",47631
29.304661,0.001472,,,,,,,,,,112,72.562176,"Pageable","Device","Tesla V100-PCIE-32GB (0)","1","7","[CUDA memcpy HtoD]",47650
29.305333,0.018336,2048,1,1,384,1,1,16,0.000000,0.000000,,,,,"Tesla V100-PCIE-32GB (0)","1","7","void scal_kernel_val<double, double>(cublasScalParamsVal<double, double>)",47764
29.305751,38.521843,3528,6,1,256,1,1,122,16.250000,0.000000,,,,,"Tesla V100-PCIE-32GB (0)","1","7","cosmaSgemm_kernel(float const *, int, float const *, int, float*, int)",47793
29.344282,0.001472,,,,,,,,,,112,72.562176,"Pageable","Device","Tesla V100-PCIE-32GB (0)","1","7","[CUDA memcpy HtoD]",47812
29.344948,0.018368,2048,1,1,384,1,1,16,0.000000,0.000000,,,,,"Tesla V100-PCIE-32GB (0)","1","7","void scal_kernel_val<double, double>(cublasScalParamsVal<double, double>)",47926
29.345392,38.533298,3528,6,1,256,1,1,122,16.250000,0.000000,,,,,"Tesla V100-PCIE-32GB (0)","1","7","cosmaSgemm_kernel(float const *, int, float const *, int, float*, int)",47955
29.383934,0.001472,,,,,,,,,,112,72.562176,"Pageable","Device","Tesla V100-PCIE-32GB (0)","1","7","[CUDA memcpy HtoD]",47974
29.384605,0.018080,2048,1,1,384,1,1,16,0.000000,0.000000,,,,,"Tesla V100-PCIE-32GB (0)","1","7","void scal_kernel_val<double, double>(cublasScalParamsVal<double, double>)",48088
29.385033,38.527058,3528,6,1,256,1,1,122,16.250000,0.000000,,,,,"Tesla V100-PCIE-32GB (0)","1","7","cosmaSgemm_kernel(float const *, int, float const *, int, float*, int)",48117
29.423569,0.001472,,,,,,,,,,112,72.562176,"Pageable","Device","Tesla V100-PCIE-32GB (0)","1","7","[CUDA memcpy HtoD]",48136
29.424206,0.018624,2048,1,1,384,1,1,16,0.000000,0.000000,,,,,"Tesla V100-PCIE-32GB (0)","1","7","void scal_kernel_val<double, double>(cublasScalParamsVal<double, double>)",48250
29.424651,38.529362,3528,6,1,256,1,1,122,16.250000,0.000000,,,,,"Tesla V100-PCIE-32GB (0)","1","7","cosmaSgemm_kernel(float const *, int, float const *, int, float*, int)",48279
29.463189,0.001472,,,,,,,,,,112,72.562176,"Pageable","Device","Tesla V100-PCIE-32GB (0)","1","7","[CUDA memcpy HtoD]",48298
29.463844,0.018143,2048,1,1,384,1,1,16,0.000000,0.000000,,,,,"Tesla V100-PCIE-32GB (0)","1","7","void scal_kernel_val<double, double>(cublasScalParamsVal<double, double>)",48412
29.464291,38.528563,3528,6,1,256,1,1,122,16.250000,0.000000,,,,,"Tesla V100-PCIE-32GB (0)","1","7","cosmaSgemm_kernel(float const *, int, float const *, int, float*, int)",48441
29.502828,0.001504,,,,,,,,,,112,71.018300,"Pageable","Device","Tesla V100-PCIE-32GB (0)","1","7","[CUDA memcpy HtoD]",48460
29.503502,0.018400,2048,1,1,384,1,1,16,0.000000,0.000000,,,,,"Tesla V100-PCIE-32GB (0)","1","7","void scal_kernel_val<double, double>(cublasScalParamsVal<double, double>)",48574
29.503914,38.538514,3528,6,1,256,1,1,122,16.250000,0.000000,,,,,"Tesla V100-PCIE-32GB (0)","1","7","cosmaSgemm_kernel(float const *, int, float const *, int, float*, int)",48603
29.542461,0.001440,,,,,,,,,,112,74.174668,"Pageable","Device","Tesla V100-PCIE-32GB (0)","1","7","[CUDA memcpy HtoD]",48622
29.543131,0.018176,2048,1,1,384,1,1,16,0.000000,0.000000,,,,,"Tesla V100-PCIE-32GB (0)","1","7","void scal_kernel_val<double, double>(cublasScalParamsVal<double, double>)",48736
29.543567,38.526514,3528,6,1,256,1,1,122,16.250000,0.000000,,,,,"Tesla V100-PCIE-32GB (0)","1","7","cosmaSgemm_kernel(float const *, int, float const *, int, float*, int)",48765
29.582102,0.001472,,,,,,,,,,112,72.562176,"Pageable","Device","Tesla V100-PCIE-32GB (0)","1","7","[CUDA memcpy HtoD]",48784
29.582784,0.018591,2048,1,1,384,1,1,16,0.000000,0.000000,,,,,"Tesla V100-PCIE-32GB (0)","1","7","void scal_kernel_val<double, double>(cublasScalParamsVal<double, double>)",48898
29.583220,38.549298,3528,6,1,256,1,1,122,16.250000,0.000000,,,,,"Tesla V100-PCIE-32GB (0)","1","7","cosmaSgemm_kernel(float const *, int, float const *, int, float*, int)",48927
29.621777,0.001471,,,,,,,,,,112,72.611505,"Pageable","Device","Tesla V100-PCIE-32GB (0)","1","7","[CUDA memcpy HtoD]",48946
29.622445,0.017952,2048,1,1,384,1,1,16,0.000000,0.000000,,,,,"Tesla V100-PCIE-32GB (0)","1","7","void scal_kernel_val<double, double>(cublasScalParamsVal<double, double>)",49060
